160
Manley_type_ITS_4_rc   0.0000000 0.4785788 0.5194062 0.5245268 0.5257636 0.4610446 0.4488982 0.3211118 0.3289073 0.3151517 0.3023318 0.3090086 0.3491640 0.4003169 0.4022434 0.3709718 0.2172054 0.2219027 0.2154546 0.2300110 0.2435605 0.2185049 0.2206563 0.2178047 0.2505451 0.2241477 0.4937431 0.4633597 0.4575719 0.4762426 0.4993455 0.4648986 0.4397127 0.5143546 0.4442924 0.3974877 0.4601617 0.4561816 0.5495676 0.4550131 0.4448455 0.4035099 0.4671182 0.4586670 0.4498920 0.4678645 0.4775370 0.5036804 0.4528545 0.4401274 0.4329402 0.4277571 0.4373912 0.4187233 0.4716369 0.4143334 0.4832291 0.5006074 0.5006074 0.4993198 0.5592048 0.5081233 0.6458500 0.4517739 0.4215157 0.4330992 0.3902329 0.4444902 0.4474520 0.4406137 0.4653121 0.4547666 0.4342960 0.4072364 0.4811816 0.5133482 0.4645779 0.4544425 0.4512280 0.4516900 0.4578132 0.4305685 0.4298500 0.4298500 0.4265641 0.4200817 0.4150714 0.4790827 0.3839572 0.4053499 0.4189141 0.4349913 0.4323472 0.4399834 0.4208856 0.4374380 0.4464572 0.4674398 0.4087687 0.4321589 0.4451743 0.4691091 0.4532358 0.4860719 0.5073197 0.5057515 0.4472048 0.4126272 0.4610071 0.4156729 0.4005402 0.4436601 0.4809284 0.4667423 0.4756146 0.4260110 0.4203766 0.4338554 0.3857663 0.4235812 0.4411415 0.4481039 0.6510488 0.6519701 0.5715546 0.5534677 0.4878457 0.5239922 0.5876985 0.5137694 0.4708391 0.4925018 0.3935505 0.4464537 0.5382990 0.5079806 0.4256990 0.4299896 0.5345976 0.5116900 0.6323951 0.5290526 0.5439980 0.5984873 0.4609417 0.5302484 0.5763479 0.5683602 0.4262877 0.4565574 0.4219180 0.5578675 0.6442664 0.4954806 0.4867190 0.4678631 0.5305445 0.5016738 0.4959423 0.4868730 
ATHROIS_BW116          0.4785788 0.0000000 0.1024651 0.1065562 0.4518266 0.4156659 0.4130823 0.3548317 0.3682096 0.3775140 0.3213881 0.3205928 0.3254993 0.3702647 0.3694128 0.3641537 0.3523957 0.3492592 0.3717529 0.4068735 0.4034733 0.4024412 0.4024863 0.4004531 0.3946626 0.4253125 0.4670743 0.4270898 0.3712075 0.3772392 0.4295097 0.3960957 0.4174535 0.4569662 0.3808871 0.3277100 0.4327546 0.3402576 0.4160308 0.3616039 0.3659486 0.3260043 0.3872870 0.3890804 0.3143239 0.3802205 0.3592961 0.3908874 0.3098348 0.3357856 0.3237800 0.3253755 0.3387875 0.3308483 0.3566124 0.3061653 0.4256748 0.3409902 0.3409902 0.4284598 0.5126825 0.4324251 0.4586493 0.3504825 0.3855889 0.3442791 0.3236688 0.3995598 0.3839390 0.3837524 0.3821547 0.3680957 0.3600297 0.3586101 0.3841246 0.4116734 0.3818944 0.3818944 0.3921798 0.3312834 0.3693470 0.3493961 0.3356295 0.3356295 0.3355215 0.3258357 0.3248765 0.3657418 0.2960801 0.3386670 0.3309750 0.3677522 0.3669721 0.3721188 0.3367291 0.3619712 0.3560320 0.3674806 0.3469806 0.3951532 0.3667145 0.4335435 0.3655973 0.3989067 0.4270267 0.3653868 0.4381987 0.3855747 0.3913097 0.3830841 0.3551475 0.3997138 0.4274205 0.3993160 0.4251480 0.3656759 0.3817305 0.4028366 0.3559277 0.3658138 0.4179823 0.3727925 0.5417627 0.5081134 0.4369175 0.4268776 0.4007033 0.3838459 0.4297494 0.4688211 0.5507375 0.5517598 0.4208276 0.3750269 0.4797996 0.5408033 0.3909386 0.4196639 0.4641411 0.4995096 0.5826306 0.4257346 0.3792852 0.4370997 0.3958068 0.4062373 0.5014140 0.5157877 0.3836146 0.3673891 0.3571003 0.4647296 0.4645643 0.3734244 0.3915447 0.3943878 0.4575676 0.3364581 0.3549764 0.4385636 
Bleph_BW194_c32re      0.5194062 0.1024651 0.0000000 0.0114337 0.4766849 0.4424761 0.4316165 0.3722278 0.3930733 0.4103794 0.3312486 0.3382715 0.3542096 0.4317901 0.4325663 0.3634154 0.3446940 0.3491716 0.3546156 0.4228520 0.4193711 0.4085405 0.4126701 0.4043708 0.4127459 0.4430588 0.4646811 0.4483654 0.3758274 0.4179104 0.4695729 0.3986965 0.4540302 0.4898875 0.4368975 0.3378052 0.4533105 0.3697674 0.4471051 0.4372856 0.4007201 0.3516967 0.4480628 0.4507354 0.3761728 0.4337457 0.4112602 0.4537225 0.3437224 0.3692772 0.3504847 0.3576124 0.3702846 0.3703071 0.3852262 0.3649315 0.4229445 0.4063212 0.4063212 0.4390941 0.5322506 0.4378492 0.4801073 0.3660790 0.3814742 0.3539949 0.3449965 0.4091260 0.3933250 0.4000568 0.3757305 0.3786273 0.3535756 0.3623571 0.3888380 0.4026123 0.3780918 0.3780918 0.3881586 0.3709763 0.4077997 0.3956883 0.3259668 0.3259668 0.3626995 0.3420746 0.3373402 0.4092294 0.3085584 0.3797104 0.3747077 0.4102816 0.4093859 0.4083685 0.3591234 0.3896823 0.3874672 0.3700718 0.3491985 0.3906568 0.3791638 0.4319483 0.4024755 0.4228285 0.4354532 0.3591966 0.4224150 0.3830526 0.4170535 0.3730605 0.3889106 0.4067647 0.4098647 0.3885578 0.4073489 0.3595174 0.3967021 0.3899015 0.3640964 0.3623095 0.4269447 0.3716420 0.5649160 0.5233319 0.4676707 0.4526218 0.4173541 0.4163502 0.4637684 0.4770187 0.5605520 0.5719842 0.4334683 0.4131857 0.4737491 0.5636079 0.4324908 0.4313677 0.4889255 0.5197204 0.5975783 0.4556995 0.4121437 0.4548806 0.3869975 0.4245943 0.5223599 0.5314264 0.3847877 0.3850370 0.3794271 0.4473256 0.5220787 0.3872248 0.3885751 0.4280530 0.4695803 0.4023525 0.3917723 0.4428153 
Bleph_BW194_c29re      0.5245268 0.1065562 0.0114337 0.0000000 0.4804139 0.4515900 0.4406541 0.3827761 0.3906577 0.4146480 0.3410691 0.3481777 0.3533564 0.4373607 0.4383400 0.3674390 0.3547659 0.3592377 0.3647016 0.4249337 0.4214244 0.4195324 0.4237322 0.4153941 0.4170574 0.4476302 0.4695769 0.4531303 0.3801061 0.4225048 0.4744941 0.4031846 0.4587930 0.4950059 0.4414840 0.3416953 0.4580861 0.3756654 0.4588510 0.4458594 0.4049800 0.3556318 0.4599150 0.4602434 0.3803409 0.4383020 0.4168079 0.4596613 0.3509571 0.3767840 0.3577886 0.3680745 0.3777561 0.3777826 0.3928073 0.3636916 0.4274300 0.4038453 0.4038453 0.4437283 0.5374912 0.4424893 0.4743295 0.3701042 0.3838541 0.3643065 0.3552215 0.4135270 0.3975785 0.4043962 0.3798263 0.3827666 0.3640907 0.3732106 0.4000946 0.4099667 0.3891396 0.3891396 0.3994094 0.3750491 0.4121948 0.4000703 0.3297865 0.3297865 0.3667850 0.3460098 0.3475995 0.4204211 0.3122414 0.3838950 0.3788340 0.4213636 0.4204358 0.4127079 0.3631408 0.4004795 0.3916929 0.3844994 0.3595916 0.3949698 0.3833261 0.4364681 0.4066717 0.4273039 0.4422760 0.3632496 0.4304204 0.3872500 0.4285504 0.3839147 0.3998489 0.4179059 0.4252370 0.4043917 0.4154452 0.3635805 0.4010337 0.3941670 0.3681883 0.3729773 0.4384563 0.3824573 0.5612296 0.5223100 0.4726239 0.4574051 0.4218011 0.4208048 0.4685264 0.4868920 0.5576826 0.5880734 0.4392773 0.4212796 0.4837737 0.5745588 0.4393834 0.4359046 0.4992929 0.5301112 0.6034073 0.4622126 0.4127866 0.4589769 0.3882647 0.4182005 0.5212815 0.5303252 0.3954324 0.3915376 0.3835139 0.4520552 0.5259809 0.3888559 0.3879131 0.4272830 0.4634544 0.4016597 0.3911145 0.4474163 
Heptanthus_BW472       0.5257636 0.4518266 0.4766849 0.4804139 0.0000000 0.4059840 0.4153238 0.3870595 0.3843435 0.3808648 0.3444098 0.3432392 0.3596523 0.4489665 0.4796508 0.3982623 0.3871898 0.3873365 0.4196103 0.4557975 0.4599754 0.4664630 0.4647473 0.4564013 0.4231278 0.4586924 0.4274591 0.3650883 0.3370721 0.3830069 0.4060940 0.3674965 0.3856792 0.4052439 0.3398621 0.2925769 0.3365191 0.3281715 0.3926880 0.3250829 0.3186373 0.2972938 0.3545310 0.3635828 0.3164408 0.3660828 0.3072612 0.3426206 0.3119538 0.3169732 0.3175102 0.2994360 0.3054726 0.3466394 0.3970062 0.2943580 0.3295197 0.3566057 0.3566057 0.4198783 0.4824451 0.4185411 0.4788023 0.3264368 0.3104081 0.3167384 0.3132147 0.3605486 0.3455161 0.3526452 0.3264701 0.3253749 0.3239182 0.3544810 0.3540760 0.3553684 0.3197014 0.3163108 0.3286345 0.3044037 0.3211823 0.2984839 0.3031678 0.3031678 0.2914810 0.2909618 0.2958506 0.3536329 0.2485367 0.3011586 0.2983852 0.3016196 0.3010775 0.2918661 0.2914279 0.2937065 0.3081409 0.3403237 0.2956676 0.3643571 0.3742409 0.3774875 0.3552840 0.3522666 0.3843029 0.3436803 0.3677647 0.3151953 0.3167002 0.3380322 0.3438082 0.3609711 0.3610263 0.3602222 0.3852702 0.3235971 0.3628538 0.3383217 0.3330488 0.3506559 0.3904054 0.3722964 0.4800863 0.4492650 0.4288345 0.4154837 0.3564781 0.3820084 0.3907001 0.4603341 0.5029237 0.5216853 0.4220567 0.4224409 0.5413284 0.5658959 0.4419189 0.4477948 0.4423454 0.4071178 0.4705208 0.4643495 0.4203414 0.4138945 0.3746227 0.4553014 0.4910386 0.4744393 0.3670480 0.3413169 0.3614441 0.4482181 0.5513393 0.4239603 0.4019859 0.4604999 0.4426236 0.3889916 0.3906892 0.4074134 
MARSHAL_OB_BW55        0.4610446 0.4156659 0.4424761 0.4515900 0.4059840 0.0000000 0.0327886 0.2667335 0.2864130 0.2830267 0.2424811 0.2462138 0.2773519 0.3481573 0.3805809 0.3114606 0.3500383 0.3504306 0.3490619 0.3981614 0.3971554 0.3904159 0.3948813 0.3722983 0.3489861 0.3914865 0.4135266 0.3769493 0.3582690 0.4030911 0.4006461 0.3793611 0.3989012 0.4420502 0.3470559 0.3315196 0.3826123 0.3261479 0.4050791 0.3885190 0.3640595 0.3301282 0.4400459 0.4399275 0.4089380 0.4248567 0.3923820 0.3959065 0.3685255 0.3942226 0.3858597 0.3706500 0.3729188 0.3425005 0.3586641 0.3586999 0.3943499 0.3782016 0.3782016 0.4542672 0.5170037 0.4537942 0.5110867 0.3287006 0.3746182 0.3576823 0.3482388 0.3541809 0.3443883 0.3568489 0.3457075 0.3543223 0.3293439 0.3459593 0.3793150 0.3843700 0.3627576 0.3544271 0.3491788 0.3184085 0.3280538 0.3520754 0.3463061 0.3463061 0.3744132 0.3653725 0.3606827 0.4101044 0.3180353 0.3609776 0.3516251 0.3596484 0.3589355 0.3634744 0.3383590 0.3570227 0.3544253 0.3973926 0.3603466 0.3894276 0.3892293 0.4160951 0.3761239 0.3920754 0.4037727 0.3954496 0.3816275 0.3644656 0.3767973 0.3594837 0.3686477 0.3966685 0.4110788 0.3858132 0.4010836 0.3559336 0.3829515 0.3788820 0.3813707 0.3651905 0.3823466 0.3910381 0.5215847 0.4727119 0.4588373 0.4412798 0.3738354 0.4560492 0.4832601 0.4150850 0.4841698 0.4906889 0.3705816 0.3642361 0.4675879 0.5172157 0.4150143 0.4477523 0.4669476 0.4063039 0.5408195 0.3966819 0.3802380 0.4076379 0.4181635 0.4480449 0.5211299 0.5162849 0.3115358 0.3091882 0.3762341 0.4367079 0.5092345 0.3712235 0.3588734 0.3862179 0.4586196 0.3752206 0.4385368 0.4175459 
MARSHAL_CAESP_BW267    0.4488982 0.4130823 0.4316165 0.4406541 0.4153238 0.0327886 0.0000000 0.2735558 0.2838979 0.2831966 0.2324701 0.2361268 0.2830209 0.3351443 0.3547548 0.2980396 0.3326236 0.3369490 0.3377623 0.3752295 0.3817188 0.3909554 0.3891118 0.3668185 0.3393411 0.3795873 0.4282508 0.3856832 0.3579852 0.3931894 0.3999459 0.3762056 0.4172636 0.4369477 0.3513561 0.3636058 0.3854645 0.3313884 0.4014063 0.4011676 0.3892357 0.3500858 0.4565922 0.4650329 0.4213019 0.4205371 0.4036422 0.4070341 0.3833282 0.3989431 0.3967103 0.3919344 0.3941905 0.3568103 0.3695997 0.3720537 0.4164395 0.3835391 0.3835391 0.4873887 0.5458136 0.4836887 0.5523990 0.3179494 0.3674214 0.3598501 0.3474824 0.3606686 0.3511954 0.3534499 0.3528082 0.3485026 0.3408871 0.3525515 0.3862201 0.3833564 0.3633260 0.3550338 0.3503130 0.3318411 0.3469842 0.3740686 0.3528810 0.3528810 0.3932409 0.3775690 0.3727507 0.4111327 0.3293099 0.3654857 0.3634389 0.3800522 0.3792848 0.3777351 0.3501116 0.3628474 0.3665037 0.4084406 0.3760365 0.4058802 0.4055798 0.4391556 0.3963579 0.4048882 0.4179326 0.4022663 0.3941745 0.3688722 0.3886585 0.3749731 0.3731628 0.4150540 0.4330066 0.4064721 0.4248732 0.3668601 0.3839304 0.3844892 0.3981621 0.3728981 0.3968038 0.4108163 0.5464397 0.4867840 0.4767840 0.4587970 0.3860804 0.4386986 0.4935559 0.4308632 0.4766887 0.4990832 0.3783512 0.3808425 0.4533491 0.5117444 0.4036364 0.4474295 0.4886183 0.4322186 0.5492186 0.3872093 0.3876349 0.3854287 0.4044582 0.4499591 0.5065948 0.4996664 0.3269530 0.3234375 0.3846615 0.4589664 0.5080768 0.3622345 0.3367574 0.3759932 0.4689311 0.3581448 0.4519356 0.4279367 
PSATHANNUA930          0.3211118 0.3548317 0.3722278 0.3827761 0.3870595 0.2667335 0.2735558 0.0000000 0.0423987 0.1051673 0.1144389 0.1188676 0.2139969 0.2721715 0.2750167 0.2068991 0.2178970 0.2195255 0.2352103 0.2580663 0.2539989 0.2437316 0.2366037 0.2276337 0.2640490 0.2703958 0.3627564 0.3000780 0.2705695 0.3051396 0.3150300 0.2770928 0.3112877 0.3566636 0.2562927 0.2238911 0.2946306 0.2499338 0.2974755 0.3081022 0.3096576 0.2570831 0.2951348 0.3000691 0.2708096 0.3117222 0.2874563 0.3015197 0.2752249 0.2819099 0.2656883 0.2744261 0.2862461 0.2681410 0.2919810 0.2607167 0.3046282 0.3163018 0.3163018 0.3359824 0.3722599 0.3496569 0.4612139 0.3178086 0.2634063 0.2626316 0.2572572 0.2791836 0.2776234 0.2726443 0.2773593 0.2903389 0.2334802 0.2524340 0.2496432 0.2837620 0.2595536 0.2528792 0.2547529 0.2383443 0.2609494 0.2320192 0.2215132 0.2215132 0.2408291 0.2264839 0.2200039 0.2650815 0.2141386 0.2465541 0.2464282 0.2606634 0.2602197 0.2681141 0.2580167 0.2672648 0.2694114 0.3020380 0.2584265 0.2958946 0.2988773 0.3571494 0.3330074 0.3491216 0.3493266 0.3151186 0.3030096 0.2813130 0.3082436 0.2771479 0.2663395 0.2990827 0.3150890 0.3056225 0.3218242 0.2583667 0.3005346 0.2835080 0.2695549 0.2720164 0.2995560 0.2806489 0.4348163 0.4196463 0.4025019 0.3931520 0.3209304 0.3450229 0.4054271 0.2916434 0.3197768 0.3561711 0.2516163 0.2877941 0.3602648 0.3932848 0.3033752 0.3111206 0.2860196 0.3049316 0.3754472 0.3291146 0.2891492 0.3084305 0.2874717 0.3426136 0.4226526 0.4244233 0.2669132 0.2719119 0.2253362 0.4119482 0.4537549 0.3052122 0.2664190 0.3220880 0.3849457 0.3207870 0.2875876 0.2837404 
PSATHRAMOSIS_1062      0.3289073 0.3682096 0.3930733 0.3906577 0.3843435 0.2864130 0.2838979 0.0423987 0.0000000 0.1078662 0.1250122 0.1295290 0.2184638 0.2875945 0.2839002 0.2101585 0.2276816 0.2292869 0.2450355 0.2658334 0.2617010 0.2404474 0.2377546 0.2303224 0.2751386 0.2757215 0.3513810 0.2927066 0.2567499 0.2954433 0.3041846 0.2691059 0.2903539 0.3416426 0.2832072 0.2254535 0.2972226 0.2671146 0.3184930 0.3055245 0.3194274 0.2620900 0.3255861 0.3176059 0.2726304 0.3085320 0.2922866 0.3125288 0.2964277 0.3064650 0.2851493 0.2913518 0.3048092 0.2715828 0.2925294 0.2717584 0.2991787 0.3189188 0.3189188 0.3259165 0.3833499 0.3584010 0.4623285 0.3126212 0.2608697 0.2703374 0.2650193 0.2686872 0.2672669 0.2623268 0.2650332 0.2775679 0.2232646 0.2541023 0.2509936 0.3051204 0.2636475 0.2569578 0.2588657 0.2211909 0.2426190 0.2152013 0.2173142 0.2173142 0.2265735 0.2128520 0.2116340 0.2615426 0.2058315 0.2396993 0.2439309 0.2537466 0.2533193 0.2577316 0.2483911 0.2622568 0.2561774 0.3008375 0.2587254 0.2861977 0.2912926 0.3540795 0.3242623 0.3525534 0.3428548 0.3092429 0.3144811 0.2889666 0.3180389 0.2846990 0.2690953 0.3058596 0.3330836 0.3230160 0.3397628 0.2529597 0.2913023 0.2798916 0.2715430 0.2760655 0.2989237 0.2855445 0.4277541 0.4172035 0.3904388 0.3856119 0.3051969 0.3491700 0.3894490 0.3083275 0.3276367 0.3553909 0.2485458 0.2767473 0.3398832 0.3674783 0.2867919 0.2840539 0.2977047 0.3114385 0.3665946 0.3333885 0.2912181 0.3121468 0.2808886 0.3341528 0.4316701 0.4339493 0.2636903 0.2704206 0.2034168 0.4119440 0.4763183 0.3183516 0.2658254 0.3249392 0.3870080 0.3307206 0.3024857 0.2966945 
TRICHOPTIL785          0.3151517 0.3775140 0.4103794 0.4146480 0.3808648 0.2830267 0.2831966 0.1051673 0.1078662 0.0000000 0.1187460 0.1232018 0.2179932 0.2656917 0.2952913 0.2063360 0.2090227 0.2106700 0.2270374 0.2376826 0.2304115 0.2441100 0.2421470 0.2344558 0.2644821 0.2522912 0.3390003 0.3027133 0.2798947 0.3307698 0.3137412 0.2931940 0.3251751 0.3305135 0.2702591 0.2453521 0.3148137 0.2962562 0.3555055 0.2980262 0.3124433 0.2568449 0.3023022 0.3157462 0.2831435 0.3042822 0.3043787 0.3098694 0.2849118 0.2787727 0.2618586 0.2766866 0.2924240 0.2918612 0.3136235 0.2744326 0.3164753 0.3189110 0.3189110 0.3132494 0.3656862 0.3323774 0.4450908 0.3024247 0.2589639 0.2561632 0.2492381 0.2902979 0.2808569 0.2835943 0.2909967 0.2976264 0.2506423 0.2594440 0.2753963 0.3170229 0.2816243 0.2745579 0.2767086 0.2421015 0.2473802 0.2240501 0.2369063 0.2369063 0.2570321 0.2537455 0.2469542 0.2887455 0.2284709 0.2609005 0.2607487 0.2583659 0.2579266 0.2570343 0.2586125 0.2616312 0.2665236 0.3197742 0.2770762 0.3059701 0.3004734 0.3497817 0.3477062 0.3496063 0.3612080 0.3681423 0.2861810 0.2727471 0.3264726 0.2920347 0.2801919 0.3285471 0.3306611 0.3193565 0.3301152 0.2716487 0.3181725 0.2814883 0.2876547 0.2711084 0.3069967 0.2841773 0.4341969 0.4069252 0.4077400 0.4027143 0.3017419 0.3427990 0.3957624 0.2974446 0.3401600 0.3636278 0.2439207 0.3167152 0.3322060 0.3668332 0.2699649 0.2957104 0.3176015 0.3066023 0.3957734 0.3455300 0.3099471 0.3341912 0.3141010 0.3552807 0.4252957 0.4193567 0.2566785 0.2775713 0.2332898 0.4057795 0.4531139 0.3137493 0.2846188 0.3223271 0.3954555 0.3272429 0.3134172 0.2856303 
PELUCHA_BW218C4        0.3023318 0.3213881 0.3312486 0.3410691 0.3444098 0.2424811 0.2324701 0.1144389 0.1250122 0.1187460 0.0000000 0.0031493 0.2169913 0.2645205 0.2850925 0.2013905 0.1944247 0.1960783 0.2076340 0.2324192 0.2221226 0.2327471 0.2359412 0.2180933 0.2501789 0.2411806 0.3044682 0.2765161 0.2616496 0.2906685 0.2974259 0.2498919 0.2860346 0.3292756 0.2637959 0.2055808 0.3021687 0.2627881 0.3084927 0.3072872 0.2971931 0.2136803 0.2616388 0.2632864 0.2562805 0.2917589 0.2746825 0.2845440 0.2559134 0.2539010 0.2336254 0.2516213 0.2664274 0.2627266 0.2943451 0.2755360 0.2762339 0.2765024 0.2765024 0.2954144 0.3466735 0.3081911 0.4116757 0.2887332 0.2307579 0.2337384 0.2274489 0.2617022 0.2537640 0.2553195 0.2745923 0.2766426 0.2326511 0.2413977 0.2655333 0.2750529 0.2738296 0.2669291 0.2728366 0.2617136 0.2425285 0.2276073 0.2060649 0.2060649 0.2285742 0.2140339 0.2078295 0.2768166 0.1902657 0.2406343 0.2491956 0.2560676 0.2556364 0.2547381 0.2363528 0.2510791 0.2525472 0.2972110 0.2472920 0.2908860 0.2980173 0.3561757 0.3351861 0.3494568 0.3393110 0.3209472 0.3169495 0.2888328 0.2801895 0.2953793 0.3060500 0.3219680 0.3255627 0.3086993 0.3190557 0.2523793 0.2962824 0.2791426 0.2775811 0.2677577 0.2880803 0.2950867 0.4422727 0.4287162 0.3662993 0.3513696 0.3058850 0.3462882 0.4091244 0.2805468 0.3168855 0.3434217 0.2292524 0.2864389 0.3406326 0.3302467 0.2431984 0.2751795 0.2854775 0.2785802 0.3463783 0.3207935 0.2836375 0.3209278 0.2882485 0.3399525 0.4208563 0.4226256 0.2367087 0.2479703 0.2071780 0.3694513 0.4679130 0.3117270 0.2879511 0.3100378 0.3778406 0.3026242 0.3289744 0.3054271 
PELUCHA_BW218C3        0.3090086 0.3205928 0.3382715 0.3481777 0.3432392 0.2462138 0.2361268 0.1188676 0.1295290 0.1232018 0.0031493 0.0000000 0.2224452 0.2704901 0.2913711 0.2068581 0.1997931 0.2014396 0.2130177 0.2380429 0.2276568 0.2384982 0.2417318 0.2236996 0.2541316 0.2469552 0.3090216 0.2790810 0.2657587 0.2893427 0.2961261 0.2539282 0.2903865 0.3280306 0.2698251 0.2110085 0.3088586 0.2688749 0.3160770 0.3072872 0.2979639 0.2175628 0.2623071 0.2639517 0.2533111 0.2925204 0.2754078 0.2853026 0.2565499 0.2545403 0.2341986 0.2522407 0.2670964 0.2660435 0.2951136 0.2762426 0.2825154 0.2751743 0.2751743 0.2962038 0.3476492 0.3090291 0.4195329 0.2949783 0.2313242 0.2395155 0.2331563 0.2657737 0.2577181 0.2593351 0.2787324 0.2808104 0.2383715 0.2409213 0.2697281 0.2792905 0.2780900 0.2711160 0.2771198 0.2657296 0.2464036 0.2313779 0.2065649 0.2065649 0.2326512 0.2176316 0.2113603 0.2789686 0.1907053 0.2464867 0.2498107 0.2567116 0.2562779 0.2553810 0.2369425 0.2517084 0.2531888 0.3038026 0.2479129 0.2974022 0.3044917 0.3571611 0.3361008 0.3504173 0.3402315 0.3197295 0.3178057 0.2895782 0.2740342 0.2961651 0.3125329 0.3228571 0.3264869 0.3095426 0.3199482 0.2530156 0.2970723 0.2798785 0.2783007 0.2684525 0.2888449 0.2958746 0.4436323 0.4300306 0.3737074 0.3586159 0.3123663 0.3532710 0.4081405 0.2878069 0.3244619 0.3445572 0.2298190 0.2858061 0.3487570 0.3312957 0.2438163 0.2794272 0.2927849 0.2857199 0.3545496 0.3274782 0.2899147 0.3276361 0.2945725 0.3469176 0.4288659 0.4284014 0.2353456 0.2518315 0.2109714 0.3704998 0.4664937 0.3183570 0.2943918 0.3167761 0.3854178 0.3019196 0.3358277 0.3120537 
HELEN_BIG_681          0.3491640 0.3254993 0.3542096 0.3533564 0.3596523 0.2773519 0.2830209 0.2139969 0.2184638 0.2179932 0.2169913 0.2224452 0.0000000 0.1611000 0.1812085 0.2053646 0.1929268 0.1917759 0.2123685 0.2190216 0.2253475 0.2561091 0.2541812 0.2439014 0.2623527 0.2369270 0.3355220 0.2986710 0.2715913 0.3008219 0.3014268 0.2900953 0.3154294 0.3569042 0.2904107 0.2703314 0.3282492 0.2758794 0.3239449 0.3118908 0.2824578 0.2486224 0.3356481 0.3194700 0.3150258 0.3296530 0.3066070 0.3505646 0.2829912 0.2909534 0.2745027 0.2684503 0.2791229 0.2824836 0.3051643 0.2577669 0.3137012 0.3144456 0.3144456 0.3469177 0.4144121 0.3464786 0.3989339 0.2934404 0.2942842 0.2563432 0.2484577 0.3092504 0.3046524 0.3023877 0.2774764 0.2839410 0.2851945 0.2915273 0.3097307 0.3288851 0.3272975 0.3239577 0.3267314 0.2684835 0.2808785 0.2773237 0.2658682 0.2658682 0.2982562 0.2767107 0.2807896 0.3118918 0.2558075 0.2729543 0.2642120 0.2825614 0.2820668 0.2781158 0.2743510 0.2906451 0.2888676 0.2885151 0.2948667 0.3195996 0.3298246 0.3435540 0.3001472 0.3200971 0.3359664 0.3024809 0.3254918 0.2944597 0.3485773 0.2893419 0.3061241 0.3301573 0.3450284 0.3298004 0.3334404 0.2702403 0.3249009 0.3225479 0.2943115 0.2961735 0.3213819 0.2990844 0.5032633 0.4771754 0.4022488 0.3818686 0.2987511 0.3409402 0.4115393 0.3732349 0.3861233 0.4557581 0.3223052 0.3086793 0.4184648 0.4339981 0.3415660 0.3492281 0.3722580 0.3265707 0.4607569 0.3670724 0.3173497 0.3637456 0.3092664 0.3807246 0.4420124 0.4598947 0.3233292 0.3234692 0.2882222 0.3631443 0.4438732 0.3403206 0.2999185 0.3300042 0.3780009 0.3415206 0.3480540 0.3238940 
BALDUINA_BW70          0.4003169 0.3702647 0.4317901 0.4373607 0.4489665 0.3481573 0.3351443 0.2721715 0.2875945 0.2656917 0.2645205 0.2704901 0.1611000 0.0000000 0.1316953 0.2809127 0.2520706 0.2574439 0.2624838 0.2965859 0.3049419 0.3423540 0.3442806 0.3355645 0.3370280 0.3142139 0.4123192 0.3769580 0.3734718 0.3944029 0.4164757 0.3697311 0.4039064 0.4047333 0.3381623 0.3467469 0.3933310 0.3345365 0.4018267 0.2944041 0.3295344 0.3143074 0.4038886 0.3806333 0.4058071 0.3961969 0.3818076 0.4083231 0.3814456 0.3970485 0.3709022 0.3605363 0.3770280 0.3371811 0.3863371 0.3305749 0.4282363 0.3568304 0.3568304 0.4070643 0.4779890 0.4021834 0.4725874 0.3435459 0.3650954 0.3272778 0.3039876 0.3835978 0.3829783 0.3760073 0.3521146 0.3430201 0.3704759 0.3467353 0.3855211 0.3900352 0.3894831 0.3858482 0.3976077 0.3556444 0.3793210 0.3382087 0.3367885 0.3367885 0.3718125 0.3635481 0.3580146 0.3946675 0.3213073 0.3323220 0.3557527 0.3300614 0.3294345 0.3580037 0.3191776 0.3310530 0.3459026 0.3754126 0.3803356 0.4153121 0.4213018 0.3894843 0.3644186 0.4172194 0.4448346 0.3964667 0.3907130 0.3621931 0.4077442 0.3783642 0.3697689 0.4044905 0.4137174 0.4018833 0.4136789 0.3682420 0.3867991 0.3891382 0.3807169 0.3705662 0.3909460 0.3807277 0.5561555 0.5239102 0.4849838 0.4704543 0.4012243 0.4349204 0.5330217 0.4640249 0.4802571 0.5357250 0.3913034 0.3996314 0.4960562 0.5242517 0.3880859 0.4314277 0.4403407 0.3968193 0.5963856 0.4098598 0.3915065 0.4307273 0.3718386 0.4228162 0.5186248 0.5213887 0.3616855 0.3782480 0.3574810 0.4184581 0.5192500 0.3978926 0.3654686 0.3898968 0.4293297 0.3656836 0.3729326 0.3837021 
GAIL_PUL_BW164         0.4022434 0.3694128 0.4325663 0.4383400 0.4796508 0.3805809 0.3547548 0.2750167 0.2839002 0.2952913 0.2850925 0.2913711 0.1812085 0.1316953 0.0000000 0.2977509 0.2776085 0.2767043 0.3066163 0.3115089 0.3271681 0.3681431 0.3692640 0.3644861 0.3858322 0.3417683 0.4232464 0.3717138 0.3557408 0.3685639 0.4085230 0.3713033 0.4013509 0.4232587 0.3559770 0.3548812 0.4091652 0.3645895 0.4440629 0.3418941 0.3801711 0.3393176 0.4081478 0.4282806 0.4226455 0.3882973 0.3939162 0.4161453 0.3967165 0.4046557 0.3811395 0.3717455 0.3888823 0.3525662 0.4022850 0.3577000 0.4119256 0.3858527 0.3858527 0.4551393 0.4996415 0.4321925 0.5295793 0.3607856 0.3717763 0.3219842 0.3020686 0.3669670 0.3602471 0.3533178 0.3448349 0.3466935 0.3581892 0.3333772 0.3876547 0.3991919 0.3692086 0.3685245 0.3725223 0.3697061 0.3834469 0.3609037 0.3395053 0.3395053 0.3611395 0.3499624 0.3445354 0.4000623 0.3062939 0.3243772 0.3399424 0.3258175 0.3193353 0.3353042 0.3107315 0.3369229 0.3325663 0.3546238 0.3466617 0.3799389 0.3958519 0.4102238 0.3560256 0.3789463 0.4267333 0.3856039 0.3964084 0.3445455 0.3826484 0.3753766 0.3500419 0.3981686 0.4236260 0.4068855 0.4167005 0.3529354 0.3477159 0.3677768 0.3537268 0.3473757 0.3838317 0.3899836 0.5700145 0.5283012 0.5007695 0.4835098 0.4243061 0.4381027 0.5423046 0.4749624 0.4481866 0.5641230 0.3968881 0.3623254 0.4989512 0.5331879 0.3641197 0.3899661 0.4446475 0.3765432 0.5746933 0.4563848 0.4057989 0.4543869 0.3852894 0.4221188 0.4811599 0.4896236 0.3575729 0.3619864 0.3575946 0.4629849 0.5130122 0.4013204 0.3674599 0.3877050 0.4688817 0.3914577 0.4319420 0.3911179 
PLATEILEMA_BW182       0.3709718 0.3641537 0.3634154 0.3674390 0.3982623 0.3114606 0.2980396 0.2068991 0.2101585 0.2063360 0.2013905 0.2068581 0.2053646 0.2809127 0.2977509 0.0000000 0.2435633 0.2451655 0.2692991 0.2658335 0.2708637 0.2831298 0.2867242 0.2812706 0.2956266 0.2662689 0.3456021 0.3197506 0.2879035 0.3385751 0.3367968 0.3028165 0.3283947 0.3623136 0.3079335 0.2503955 0.3420971 0.2913192 0.3448821 0.3596463 0.2923154 0.2510701 0.3222059 0.3373304 0.3085108 0.3129260 0.3131869 0.3447248 0.2983003 0.2838811 0.2794012 0.2747146 0.2928758 0.2829727 0.3038808 0.2664756 0.3075825 0.3270678 0.3270678 0.3369338 0.3985103 0.3215210 0.4432010 0.2909114 0.2548421 0.2401837 0.2296259 0.3051523 0.2950276 0.2977241 0.3018154 0.2833978 0.2677570 0.2846648 0.2603006 0.3359657 0.2748779 0.2748779 0.2869490 0.2532441 0.2825514 0.2697800 0.2470954 0.2470954 0.2643218 0.2534845 0.2545903 0.2841964 0.2215483 0.2620219 0.2649332 0.2649239 0.2644606 0.2734914 0.2654127 0.2661784 0.2835756 0.3259361 0.2997157 0.3309477 0.3397872 0.3416191 0.3603850 0.3408632 0.3758559 0.3297309 0.3542983 0.3200278 0.3444418 0.3089462 0.3256912 0.3662999 0.3674541 0.3506893 0.3803968 0.2875370 0.3325454 0.3202412 0.2976532 0.3205512 0.3550642 0.3192775 0.4780495 0.4527713 0.4000157 0.3885713 0.3005902 0.3349922 0.3751719 0.3097951 0.3563003 0.3953857 0.2862381 0.2952601 0.4028836 0.4043200 0.3115974 0.3196424 0.3362791 0.3449371 0.4689157 0.3610619 0.3019829 0.3288579 0.3379116 0.3503876 0.4016112 0.4186257 0.2993237 0.3210517 0.2969807 0.4140980 0.4597568 0.3151461 0.2876559 0.3287924 0.4096413 0.3341910 0.3202385 0.3108005 
BAIL_MULTIBW10         0.2172054 0.3523957 0.3446940 0.3547659 0.3871898 0.3500383 0.3326236 0.2178970 0.2276816 0.2090227 0.1944247 0.1997931 0.1929268 0.2520706 0.2776085 0.2435633 0.0000000 0.0031739 0.0422072 0.1498869 0.1553726 0.1399516 0.1408406 0.1341819 0.1638374 0.1500010 0.3290219 0.3269448 0.3069676 0.3399153 0.3552753 0.3131147 0.3146431 0.3648695 0.3140985 0.2489152 0.3403199 0.2808205 0.3370652 0.3085393 0.2985650 0.2658181 0.3340005 0.2987191 0.3089064 0.3382550 0.3454292 0.3683633 0.3168584 0.3012347 0.2909461 0.3068000 0.3194807 0.2812296 0.3170790 0.2733846 0.3445080 0.3459711 0.3459711 0.3186157 0.4038853 0.3348000 0.4253187 0.3170604 0.2633537 0.2786974 0.2428049 0.3244166 0.3249196 0.3114298 0.3230763 0.3291524 0.3017039 0.3061864 0.3294590 0.3579726 0.3315248 0.3280240 0.3296694 0.3050710 0.3284126 0.2862650 0.2946777 0.2946777 0.2966045 0.2877594 0.2810589 0.3171856 0.2535510 0.2557406 0.2710170 0.2885326 0.2880138 0.2767186 0.2769255 0.2736723 0.2926559 0.2970260 0.2814403 0.3160960 0.3215230 0.3339301 0.3379030 0.3395520 0.3774572 0.3381651 0.3178022 0.3064742 0.3354863 0.2936202 0.2922553 0.3120528 0.3195377 0.3209257 0.3300480 0.2780499 0.2998764 0.3093512 0.2753971 0.2841727 0.3032826 0.3180641 0.4846283 0.4867456 0.4007690 0.3815813 0.3405331 0.3914740 0.4860108 0.3481219 0.3674881 0.4084280 0.2821331 0.3458011 0.4013325 0.4109510 0.3446451 0.3157582 0.3996472 0.3614023 0.4418778 0.4043173 0.3509519 0.3894193 0.3383756 0.3633276 0.4326524 0.4322266 0.3112185 0.3158143 0.2805213 0.4403417 0.4915616 0.3573998 0.3365698 0.3339606 0.3866705 0.3740892 0.3798039 0.3341507 
BAIL_PLENIR_835        0.2219027 0.3492592 0.3491716 0.3592377 0.3873365 0.3504306 0.3369490 0.2195255 0.2292869 0.2106700 0.1960783 0.2014396 0.1917759 0.2574439 0.2767043 0.2451655 0.0031739 0.0000000 0.0473505 0.1491745 0.1546260 0.1416160 0.1425121 0.1358404 0.1677375 0.1538703 0.3266289 0.3253838 0.3047943 0.3373952 0.3525877 0.3113324 0.3152644 0.3620548 0.3171986 0.2472771 0.3377805 0.2816368 0.3376240 0.3058559 0.2992587 0.2640466 0.3353943 0.3002015 0.3030307 0.3358070 0.3388259 0.3613617 0.3109680 0.2955104 0.2853841 0.3046890 0.3172464 0.2824316 0.3153234 0.2708025 0.3449346 0.3434389 0.3434389 0.3167954 0.4014309 0.3328648 0.4243754 0.3176638 0.2615896 0.2733589 0.2380378 0.3258658 0.3225925 0.3129195 0.3207891 0.3263783 0.2996082 0.3040477 0.3303696 0.3552761 0.3255085 0.3220662 0.3236532 0.3057289 0.3260251 0.2842617 0.2890596 0.2890596 0.2952229 0.2857782 0.2791393 0.3149668 0.2544996 0.2510025 0.2687853 0.2798447 0.2793509 0.2716879 0.2718677 0.2687353 0.2873414 0.2953507 0.2810571 0.3104154 0.3158397 0.3392023 0.3349283 0.3327004 0.3709368 0.3322528 0.3159848 0.3071396 0.3359774 0.2919872 0.2934467 0.3102940 0.3219191 0.3191019 0.3281371 0.2761464 0.2994328 0.3076059 0.2739042 0.2837754 0.3052727 0.3162539 0.4804808 0.4825874 0.4026665 0.3835038 0.3379992 0.3959303 0.4819129 0.3415221 0.3689823 0.4144837 0.2836834 0.3397359 0.4035786 0.4123419 0.3460599 0.3137913 0.3872420 0.3498577 0.4287143 0.4043413 0.3457513 0.3895432 0.3426609 0.3708663 0.4407351 0.4402282 0.3150381 0.3159984 0.2820257 0.4349649 0.4872033 0.3617391 0.3453739 0.3366547 0.3872818 0.3747697 0.3804384 0.3355665 
BAIL_PAUCI_BW15        0.2154546 0.3717529 0.3546156 0.3647016 0.4196103 0.3490619 0.3377623 0.2352103 0.2450355 0.2270374 0.2076340 0.2130177 0.2123685 0.2624838 0.3066163 0.2692991 0.0422072 0.0473505 0.0000000 0.1664112 0.1720609 0.1462233 0.1515080 0.1447295 0.1698565 0.1526558 0.3544466 0.3371782 0.3225411 0.3483850 0.3531656 0.3290252 0.3285735 0.3774902 0.3266148 0.2796474 0.3620263 0.2921601 0.3476820 0.3323828 0.3098614 0.2677194 0.3536550 0.3113562 0.3410518 0.3677036 0.3661819 0.3937857 0.3313785 0.3239647 0.3051898 0.3173925 0.3303342 0.3092142 0.3437038 0.2890429 0.3675782 0.3686753 0.3686753 0.3487621 0.4311943 0.3485569 0.4481432 0.3075876 0.2855326 0.2868108 0.2531799 0.3242149 0.3192819 0.3111778 0.3163432 0.3277114 0.2998801 0.2980522 0.3492837 0.3534165 0.3481102 0.3445274 0.3462995 0.3123926 0.3494618 0.2974792 0.2979558 0.2979558 0.3037401 0.3008701 0.2933712 0.3396502 0.2643469 0.2809801 0.2954522 0.3187273 0.3181348 0.3102438 0.2997034 0.3050515 0.3160307 0.3269113 0.3128901 0.3215943 0.3307641 0.3547528 0.3623674 0.3591598 0.3861397 0.3546191 0.3416400 0.3273394 0.3229403 0.3147112 0.3207471 0.3323067 0.3397260 0.3441333 0.3538335 0.2993661 0.3463642 0.3422833 0.3066127 0.3179812 0.3342544 0.3506598 0.4959472 0.4980573 0.4058094 0.3833320 0.3519058 0.3800167 0.4895298 0.3729786 0.3767855 0.4243240 0.2997478 0.3609369 0.4049020 0.4196839 0.3582019 0.3408055 0.3957968 0.3614343 0.4298388 0.3960302 0.3634414 0.4000846 0.3156546 0.3664194 0.4223200 0.4042542 0.3262994 0.3295319 0.2932600 0.4386336 0.5133827 0.3646517 0.3342723 0.3417403 0.3972234 0.3929029 0.3936091 0.3343574 
PSILOSTR_BW142         0.2300110 0.4068735 0.4228520 0.4249337 0.4557975 0.3981614 0.3752295 0.2580663 0.2658334 0.2376826 0.2324192 0.2380429 0.2190216 0.2965859 0.3115089 0.2658335 0.1498869 0.1491745 0.1664112 0.0000000 0.0159275 0.1741266 0.1722546 0.1668444 0.1752106 0.1729867 0.3660238 0.3454309 0.3226497 0.3451206 0.3545441 0.3189455 0.3594154 0.3644314 0.3340962 0.3150308 0.4052046 0.3332964 0.4032982 0.3602261 0.3539031 0.3002431 0.3949789 0.3745924 0.3711334 0.3864812 0.3917687 0.3908930 0.3793980 0.3550823 0.3411768 0.3569166 0.3678614 0.3387360 0.3769330 0.3235974 0.3772965 0.3864063 0.3864063 0.3962622 0.4819649 0.4195808 0.5045888 0.3714145 0.3226432 0.3350841 0.3132718 0.3923332 0.3942038 0.3846145 0.3624128 0.3715450 0.3616706 0.3491930 0.3806199 0.4006362 0.3253900 0.3176986 0.3281622 0.3553832 0.3562669 0.3140444 0.3289518 0.3289518 0.3579402 0.3411050 0.3388157 0.3692525 0.2986592 0.2979938 0.3097091 0.3330688 0.3324345 0.3273039 0.3127756 0.3201886 0.3336207 0.3714072 0.3600194 0.3574948 0.3590332 0.3862839 0.3964520 0.4010579 0.3982132 0.3878395 0.4107634 0.3688556 0.4268474 0.3682353 0.3769693 0.3811224 0.4227811 0.4083454 0.4321178 0.3354183 0.3658949 0.3703412 0.3298338 0.3545082 0.3822276 0.3817942 0.5903682 0.5582476 0.4820654 0.4732346 0.3918665 0.4535060 0.5406399 0.3923451 0.4367620 0.4983804 0.3663587 0.3847286 0.4565414 0.4713844 0.3785607 0.3722793 0.4181849 0.3872457 0.4952958 0.4157855 0.4095679 0.4624317 0.3923130 0.4727311 0.4745853 0.4785457 0.3974063 0.3771164 0.3485372 0.4964342 0.5215154 0.4042430 0.3855856 0.4177247 0.4330558 0.4305987 0.4254128 0.3572762 
PSILOSTR_968           0.2435605 0.4034733 0.4193711 0.4214244 0.4599754 0.3971554 0.3817188 0.2539989 0.2617010 0.2304115 0.2221226 0.2276568 0.2253475 0.3049419 0.3271681 0.2708637 0.1553726 0.1546260 0.1720609 0.0159275 0.0000000 0.1706979 0.1688176 0.1607062 0.1716183 0.1730451 0.3521132 0.3471262 0.3212561 0.3471530 0.3491308 0.3175149 0.3674105 0.3709101 0.3407715 0.3058972 0.3963323 0.3357958 0.4070194 0.3731856 0.3609189 0.3032127 0.3909060 0.3706765 0.3671782 0.3880161 0.3859049 0.3811290 0.3683773 0.3472869 0.3305525 0.3619846 0.3730679 0.3263346 0.3638245 0.3311112 0.3716797 0.3931475 0.3931475 0.4030853 0.4867354 0.4268448 0.5129054 0.3793877 0.3225572 0.3308268 0.3147631 0.4006847 0.4025351 0.3928278 0.3700564 0.3794214 0.3647466 0.3521568 0.3861897 0.4063259 0.3321449 0.3243000 0.3350134 0.3499687 0.3519500 0.3097366 0.3391535 0.3391535 0.3505682 0.3338335 0.3315938 0.3630036 0.2944412 0.2876802 0.2993152 0.3221874 0.3215830 0.3164853 0.3021166 0.3095983 0.3225185 0.3661815 0.3519529 0.3464155 0.3480854 0.3856203 0.3906114 0.4030275 0.3896768 0.3825701 0.4058168 0.3668798 0.4147025 0.3599746 0.3805510 0.3727684 0.4085954 0.3946631 0.4299639 0.3274540 0.3662361 0.3590450 0.3357138 0.3496067 0.3747667 0.3765405 0.5716679 0.5500273 0.4889103 0.4799707 0.3946584 0.4706079 0.5303152 0.4133083 0.4662768 0.5039881 0.3695522 0.3917125 0.4475933 0.4830494 0.3872252 0.3803768 0.4286521 0.4001145 0.5166719 0.4224362 0.4162057 0.4696776 0.3978288 0.4928902 0.4820960 0.4860356 0.3932021 0.3774223 0.3515009 0.5016737 0.5384063 0.4128675 0.3940524 0.4250644 0.4420849 0.4410634 0.4358458 0.3649411 
PLUMMER_FLO963         0.2185049 0.4024412 0.4085405 0.4195324 0.4664630 0.3904159 0.3909554 0.2437316 0.2404474 0.2441100 0.2327471 0.2384982 0.2561091 0.3423540 0.3681431 0.2831298 0.1399516 0.1416160 0.1462233 0.1741266 0.1706979 0.0000000 0.0096110 0.0194111 0.1651408 0.1787750 0.3751488 0.3615537 0.3377035 0.3641845 0.3604791 0.3626979 0.3789197 0.4221849 0.3930124 0.3182904 0.4070682 0.3411890 0.4120212 0.4024916 0.3807898 0.3008520 0.4177187 0.3817038 0.3709065 0.3911076 0.3919032 0.4189569 0.3687862 0.3559034 0.3431438 0.3526707 0.3667162 0.3498049 0.3886475 0.3284830 0.3728655 0.3814939 0.3814939 0.3821430 0.4595119 0.3855912 0.5008129 0.3676213 0.3332596 0.3515311 0.3164222 0.3490433 0.3574493 0.3517168 0.3565984 0.3622192 0.3247747 0.3235802 0.3616240 0.3921327 0.3590782 0.3508588 0.3624402 0.3305342 0.3621800 0.3301591 0.3215250 0.3215250 0.3278843 0.3234361 0.3155365 0.3530127 0.2938498 0.3187211 0.3333219 0.3336743 0.3330335 0.3436807 0.3314744 0.3341707 0.3416896 0.3770459 0.3264090 0.3698980 0.3617930 0.4093792 0.3964481 0.4088695 0.4118678 0.3849268 0.3888100 0.3808037 0.3763190 0.3363275 0.3622300 0.3806702 0.3953609 0.3811989 0.3937132 0.3375507 0.3953511 0.3793569 0.3238441 0.3380612 0.3455230 0.3675349 0.5558704 0.5566189 0.4828289 0.4651407 0.3905189 0.4457813 0.5007053 0.4036444 0.3787428 0.4261366 0.3038115 0.3952601 0.4427769 0.4007721 0.3568874 0.3555429 0.4640025 0.3839561 0.4449570 0.4579321 0.4164543 0.4617498 0.3553514 0.4224546 0.4762814 0.4746853 0.3611286 0.3629445 0.3306076 0.4772144 0.5307352 0.3875308 0.3614817 0.4280234 0.4468673 0.3993811 0.4213164 0.3790318 
DUGALDIA_HO954         0.2206563 0.4024863 0.4126701 0.4237322 0.4647473 0.3948813 0.3891118 0.2366037 0.2377546 0.2421470 0.2359412 0.2417318 0.2541812 0.3442806 0.3692640 0.2867242 0.1408406 0.1425121 0.1515080 0.1722546 0.1688176 0.0096110 0.0000000 0.0210948 0.1632406 0.1793082 0.3732570 0.3596363 0.3357417 0.3622245 0.3648610 0.3585394 0.3770377 0.4271171 0.3834406 0.3163180 0.4057011 0.3390128 0.4089239 0.3988202 0.3793962 0.3062496 0.4159049 0.3948866 0.3649411 0.3803488 0.3857115 0.4126623 0.3690253 0.3499819 0.3433296 0.3528734 0.3669502 0.3439759 0.3826834 0.3286356 0.3669144 0.3853054 0.3853054 0.3926324 0.4640228 0.3961783 0.5034612 0.3594679 0.3248913 0.3572850 0.3259869 0.3562104 0.3645928 0.3589066 0.3576063 0.3632541 0.3314708 0.3345504 0.3570565 0.3854626 0.3508306 0.3426709 0.3542111 0.3263984 0.3576972 0.3258837 0.3195668 0.3195668 0.3295997 0.3251382 0.3172402 0.3570858 0.2975131 0.3226481 0.3432457 0.3437087 0.3430412 0.3538462 0.3415393 0.3441202 0.3519545 0.3815200 0.3303557 0.3742800 0.3723512 0.4075526 0.3946211 0.4135316 0.4100432 0.3893755 0.3933207 0.3851726 0.3807424 0.3404368 0.3578113 0.3718331 0.4066937 0.3920211 0.4048830 0.3476039 0.3999469 0.3950187 0.3278193 0.3482526 0.3557702 0.3708559 0.5731644 0.5729736 0.4775492 0.4598745 0.3950342 0.4420122 0.5010486 0.4051182 0.3823971 0.4240562 0.2998343 0.3984413 0.4427844 0.3988412 0.3689482 0.3611728 0.4597239 0.3818247 0.4507504 0.4630639 0.4212314 0.4600134 0.3534593 0.4206213 0.4654493 0.4638536 0.3686143 0.3644403 0.3296821 0.4754975 0.5291868 0.3857107 0.3595419 0.4171685 0.4433678 0.3974667 0.4071414 0.3869892 
HYMENOX_LEM931         0.2178047 0.4004531 0.4043708 0.4153941 0.4564013 0.3722983 0.3668185 0.2276337 0.2303224 0.2344558 0.2180933 0.2236996 0.2439014 0.3355645 0.3644861 0.2812706 0.1341819 0.1358404 0.1447295 0.1668444 0.1607062 0.0194111 0.0210948 0.0000000 0.1573589 0.1686445 0.3619338 0.3563198 0.3295476 0.3590538 0.3594590 0.3559981 0.3673054 0.4076882 0.3857440 0.3140780 0.3936966 0.3346583 0.4038491 0.3923389 0.3792196 0.2980022 0.3955712 0.3574083 0.3539488 0.3814201 0.3740980 0.3940091 0.3600035 0.3449692 0.3383659 0.3479491 0.3619541 0.3334317 0.3640372 0.3127898 0.3559295 0.3809638 0.3809638 0.3793662 0.4362497 0.3975474 0.4940183 0.3476218 0.3136808 0.3417502 0.3071227 0.3453231 0.3477021 0.3418713 0.3508258 0.3564356 0.3170776 0.3279862 0.3698538 0.4049054 0.3435479 0.3354894 0.3469246 0.3188583 0.3520284 0.3323524 0.3157137 0.3157137 0.3203510 0.3160255 0.3082327 0.3530742 0.2918208 0.3110748 0.3194562 0.3305107 0.3298777 0.3404840 0.3282993 0.3272449 0.3384600 0.3577012 0.3179535 0.3479634 0.3402269 0.4024358 0.3773084 0.3953708 0.3978969 0.3781746 0.3839294 0.3719513 0.3617064 0.3276139 0.3482810 0.3769307 0.3772774 0.3638955 0.3844759 0.3251682 0.3724638 0.3767106 0.3179677 0.3297844 0.3413779 0.3618158 0.5766137 0.5697260 0.4878933 0.4700310 0.3864258 0.4430054 0.4991445 0.4029817 0.3678018 0.4276703 0.3044666 0.3862733 0.4412103 0.4141123 0.3670331 0.3604603 0.4509816 0.3846027 0.4289475 0.4456195 0.4113130 0.4275429 0.3587576 0.4195919 0.4634504 0.4618620 0.3642160 0.3721916 0.3270619 0.4645453 0.5358956 0.3842615 0.3519735 0.4084446 0.4432097 0.4004196 0.4035272 0.3720189 
