160
Manley_type_ITS_4_rc   0.0000000 0.1409508 0.1516375 0.1571852 0.4323941 0.4539099 0.4585582 0.4829708 0.4077050 0.3960671 0.2580474 0.2651570 0.2415749 0.2393296 0.2452331 0.2677044 0.3299297 0.3649676 0.2970960 0.1475895 0.1514870 0.1451260 0.1546156 0.1579871 0.1499466 0.1708596 0.4303275 0.3994252 0.3948444 0.4115531 0.4201430 0.3963438 0.3917652 0.4306902 0.3843280 0.3228983 0.4131011 0.3782378 0.4567111 0.3913986 0.3883532 0.3264067 0.3977289 0.3734625 0.3949116 0.4086713 0.4016554 0.4351257 0.3864414 0.3771826 0.3659947 0.3751445 0.3899851 0.3898762 0.4300354 0.3539382 0.4245074 0.4070803 0.4070803 0.3989379 0.4738519 0.4282147 0.5430340 0.4062038 0.3691956 0.3712907 0.3394735 0.4122110 0.4165726 0.4041883 0.4234773 0.4152915 0.3868312 0.3813945 0.4146583 0.4559301 0.4015472 0.3924054 0.3926539 0.4047987 0.4145866 0.3759273 0.3606247 0.3606247 0.3761577 0.3687533 0.3642743 0.4008602 0.3285860 0.3379820 0.3450015 0.3525218 0.3487421 0.3607546 0.3502746 0.3607866 0.3751772 0.4147458 0.3687819 0.3786436 0.3845835 0.4133470 0.4065344 0.4302062 0.4550408 0.4403691 0.4081063 0.3924025 0.4007307 0.3748537 0.3861674 0.4066424 0.4292927 0.4129227 0.4250714 0.3694135 0.3936867 0.4048884 0.3480649 0.3695903 0.3855375 0.3918752 0.6075081 0.6136183 0.5012222 0.4883608 0.4437607 0.4799755 0.5481857 0.4341315 0.4150266 0.4354394 0.3300428 0.4073121 0.4740183 0.4705168 0.3818843 0.3945954 0.4590462 0.4330152 0.5582844 0.4584979 0.4531864 0.4959459 0.4149479 0.4664393 0.5033846 0.4961338 0.3651561 0.3872799 0.3556953 0.5047541 0.5715708 0.4338894 0.4227148 0.4232436 0.4737090 0.4440382 0.4420120 0.4045526 
TETRANEU_AC937         0.1409508 0.0000000 0.1732286 0.1732923 0.4264288 0.4443440 0.4489301 0.4600790 0.3925725 0.3805759 0.2709462 0.2763167 0.2527974 0.2416417 0.2474319 0.2373387 0.3149558 0.3425504 0.2668329 0.1502162 0.1540845 0.1528606 0.1790455 0.1795759 0.1688892 0.1433108 0.3743722 0.3702108 0.3412028 0.3651318 0.3562762 0.3490799 0.3747978 0.4115373 0.3738589 0.3097861 0.3833784 0.3623552 0.4387527 0.3913789 0.3529831 0.2978128 0.4072320 0.3822035 0.3741974 0.3835957 0.4212868 0.4399014 0.3579792 0.3506695 0.3481769 0.3633992 0.3745859 0.3539186 0.3978526 0.3295692 0.3967711 0.4009899 0.4009899 0.4194594 0.4901026 0.3951104 0.5101980 0.3597706 0.3429406 0.3622496 0.3263376 0.3702581 0.3654578 0.3730213 0.3737740 0.3742661 0.3559333 0.3502649 0.3751237 0.4193577 0.3646701 0.3562378 0.3617760 0.3845860 0.3516965 0.3279136 0.3493085 0.3493085 0.3628696 0.3439152 0.3445405 0.3823224 0.3061380 0.3245006 0.3420664 0.3487920 0.3510039 0.3441241 0.3430124 0.3498183 0.3640253 0.3981823 0.3539284 0.3737660 0.3971373 0.4007278 0.3836518 0.4433936 0.4309858 0.4193077 0.3874819 0.3865395 0.3817984 0.3712024 0.4004210 0.4219423 0.4083332 0.4030524 0.4123222 0.3373054 0.3577939 0.3904856 0.3187250 0.3499050 0.3884006 0.3863353 0.5655780 0.5589681 0.4963728 0.4966657 0.4172253 0.4477190 0.5207401 0.4473601 0.3958570 0.4662183 0.3338891 0.3997700 0.4914657 0.4745039 0.3818108 0.4051297 0.4638991 0.4043269 0.5450976 0.4654337 0.4214186 0.4684857 0.3830624 0.4302131 0.4568003 0.4681595 0.3356857 0.3702445 0.3352711 0.4942400 0.5077342 0.4001532 0.3863675 0.4030326 0.4899454 0.4383346 0.4171246 0.3966974 
PSILOSTR_BW142         0.1516375 0.1732286 0.0000000 0.0159307 0.4078983 0.4239929 0.4260836 0.4573021 0.3992320 0.3762067 0.2586081 0.2663922 0.2381644 0.2328618 0.2385005 0.2193952 0.2972089 0.3122184 0.2664106 0.1500873 0.1493654 0.1666393 0.1743700 0.1724998 0.1670729 0.1755111 0.3671747 0.3464450 0.3236092 0.3460809 0.3556041 0.3199112 0.3604980 0.3657128 0.3349753 0.3159185 0.4064812 0.3342690 0.4046543 0.3612644 0.3547612 0.3009838 0.3961022 0.3756120 0.3721460 0.3875778 0.3928790 0.3920630 0.3804830 0.3560373 0.3420439 0.3578970 0.3688961 0.3396396 0.3780254 0.3245286 0.3784089 0.3874915 0.3874915 0.3974835 0.4836070 0.4209149 0.5062726 0.3724418 0.3235094 0.3359557 0.3140480 0.3935213 0.3954271 0.3857794 0.3634292 0.3726547 0.3627326 0.3501579 0.3816699 0.4018888 0.3262525 0.3185206 0.3290714 0.3564885 0.3573045 0.3149092 0.3298470 0.3298470 0.3589823 0.3420085 0.3397124 0.3702673 0.2994218 0.2986818 0.3104493 0.3338983 0.3332653 0.3281244 0.3135251 0.3209567 0.3344648 0.3725082 0.3609534 0.3584659 0.3599783 0.3874387 0.3975506 0.4023485 0.3993709 0.3889626 0.4120427 0.3698251 0.4281252 0.3692897 0.3780806 0.3821588 0.4240783 0.4095525 0.4334359 0.3362695 0.3668955 0.3714074 0.3306838 0.3554319 0.3833120 0.3827731 0.5925392 0.5603264 0.4837363 0.4748410 0.3930995 0.4549537 0.5426511 0.3934979 0.4380569 0.4999272 0.3672949 0.3855800 0.4579197 0.4730077 0.3795431 0.3733885 0.4196067 0.3883904 0.4970164 0.4171135 0.4109351 0.4639577 0.3933686 0.4744098 0.4762559 0.4802776 0.3983853 0.3780217 0.3494626 0.4978503 0.5230957 0.4053444 0.3867722 0.4189802 0.4343532 0.4318963 0.4265494 0.3582148 
PSILOSTR_968           0.1571852 0.1732923 0.0159307 0.0000000 0.4044822 0.4204943 0.4225563 0.4614930 0.3982288 0.3827166 0.2545477 0.2622676 0.2308778 0.2225313 0.2280799 0.2257287 0.3055933 0.3279260 0.2714529 0.1555935 0.1548368 0.1723114 0.1709307 0.1690522 0.1609101 0.1719106 0.3531816 0.3481807 0.3222402 0.3481312 0.3501875 0.3185051 0.3685657 0.3722520 0.3416949 0.3067210 0.3975913 0.3367813 0.4084003 0.3743355 0.3618402 0.3040153 0.3920176 0.3716852 0.3681795 0.3891183 0.3869770 0.3822478 0.3694071 0.3482012 0.3313693 0.3629956 0.3741348 0.3271876 0.3648607 0.3320542 0.3727555 0.3942928 0.3942928 0.4043625 0.4884436 0.4282406 0.5146170 0.3804667 0.3234452 0.3317195 0.3155812 0.4019307 0.4038168 0.3940492 0.3711213 0.3805838 0.3658452 0.3531561 0.3872740 0.4076163 0.3330696 0.3251819 0.3359870 0.3510386 0.3530024 0.3106121 0.3401201 0.3401201 0.3516118 0.3347385 0.3324919 0.3640306 0.2952132 0.2883413 0.3000271 0.3229862 0.3223831 0.3172750 0.3028371 0.3103377 0.3233304 0.3672507 0.3528486 0.3473321 0.3489777 0.3867455 0.3917001 0.4043293 0.3907907 0.3836618 0.4070404 0.3678368 0.4159173 0.3609875 0.3816775 0.3737649 0.4097986 0.3957813 0.4312694 0.3282673 0.3672234 0.3600534 0.3365817 0.3505027 0.3758148 0.3774897 0.5737386 0.5520377 0.4906334 0.4816275 0.3958879 0.4721147 0.5322592 0.4145735 0.4677220 0.5056090 0.3705246 0.3925872 0.4489468 0.4847685 0.3882642 0.3815411 0.4301555 0.4013323 0.5184927 0.4237758 0.4175859 0.4712178 0.3989179 0.4947222 0.4837415 0.4877422 0.3942016 0.3783563 0.3524604 0.5031482 0.5400624 0.4139898 0.3952539 0.4263193 0.4433568 0.4424157 0.4370541 0.3659270 
ATHROIS_BW116          0.4323941 0.4264288 0.4078983 0.4044822 0.0000000 0.1025558 0.1066540 0.4532369 0.4167200 0.4141497 0.3557193 0.3692383 0.3784578 0.3221462 0.3213489 0.3262873 0.3711453 0.3704089 0.3651286 0.3532487 0.3500828 0.3726564 0.4034544 0.4034905 0.4014583 0.3956698 0.4687878 0.4284946 0.3723522 0.3783514 0.4309238 0.3973457 0.4187999 0.4585736 0.3819824 0.3285636 0.4341228 0.3411443 0.4172986 0.3625830 0.3668635 0.3268485 0.3883798 0.3901703 0.3151422 0.3812795 0.3602977 0.3920235 0.3106199 0.3366399 0.3246367 0.3262521 0.3397245 0.3317121 0.3575400 0.3069834 0.4269431 0.3418568 0.3418568 0.4298149 0.5143627 0.4338029 0.4600075 0.3513501 0.3866721 0.3450858 0.3243952 0.4006924 0.3850144 0.3848086 0.3831781 0.3691143 0.3610561 0.3596245 0.3850831 0.4128875 0.3830331 0.3830331 0.3934025 0.3322988 0.3704890 0.3504766 0.3365160 0.3365160 0.3364653 0.3267032 0.3257326 0.3667166 0.2967838 0.3394360 0.3317733 0.3686662 0.3678876 0.3730783 0.3375473 0.3628474 0.3569122 0.3684190 0.3477791 0.3962651 0.3676524 0.4347233 0.3664219 0.4001378 0.4281487 0.3663598 0.4394511 0.3865411 0.3923814 0.3841135 0.3560022 0.4007350 0.4287581 0.4004640 0.4263652 0.3665862 0.3827022 0.4039190 0.3568359 0.3668397 0.4191503 0.3736896 0.5437936 0.5100240 0.4382212 0.4281143 0.4018549 0.3848964 0.4310157 0.4702882 0.5526766 0.5537795 0.4222202 0.3761555 0.4815756 0.5426875 0.3921396 0.4209427 0.4656683 0.5012331 0.5846742 0.4270185 0.3803290 0.4382998 0.3969039 0.4074894 0.5032081 0.5176378 0.3846721 0.3684183 0.3581057 0.4660402 0.4658317 0.3743772 0.3928293 0.3956317 0.4590963 0.3373496 0.3558639 0.4398113 
Bleph_BW194_c32re      0.4539099 0.4443440 0.4239929 0.4204943 0.1025558 0.0000000 0.0114342 0.4782943 0.4437056 0.4328066 0.3732321 0.3942110 0.4115223 0.3321211 0.3391686 0.3551301 0.4330329 0.4339397 0.3643807 0.3455555 0.3500221 0.3555276 0.4096060 0.4137355 0.4054248 0.4139411 0.4666546 0.4500747 0.3771113 0.4193648 0.4713574 0.4000956 0.4557396 0.4919506 0.4384034 0.3387953 0.4549867 0.3709155 0.4487354 0.4387527 0.4019283 0.3527740 0.4496653 0.4523598 0.3774013 0.4352078 0.4125442 0.4552706 0.3448356 0.3703930 0.3516066 0.3587491 0.3714719 0.3715205 0.3864657 0.3661523 0.4242962 0.4076461 0.4076461 0.4406123 0.5342213 0.4394573 0.4818132 0.3670654 0.3826152 0.3549932 0.3459751 0.4104378 0.3945699 0.4013169 0.3768657 0.3798332 0.3546953 0.3635375 0.3898424 0.4038177 0.3792734 0.3792734 0.3894247 0.3722267 0.4092516 0.3970827 0.3269114 0.3269114 0.3638933 0.3431307 0.3383732 0.4105321 0.3094009 0.3807543 0.3758131 0.4114832 0.4105880 0.4095933 0.3601092 0.3907567 0.3885626 0.3711470 0.3501368 0.3918881 0.3802821 0.4332808 0.4036340 0.4242480 0.4367698 0.3602394 0.4237248 0.3841093 0.4184188 0.3740993 0.3900204 0.4079531 0.4112490 0.3897804 0.4086471 0.3605206 0.3978938 0.3910690 0.3651181 0.3634029 0.4283004 0.3726839 0.5672690 0.5255051 0.4692737 0.4541431 0.4186560 0.4176341 0.4653454 0.4787177 0.5627933 0.5743689 0.4349700 0.4146264 0.4755804 0.5658659 0.4339136 0.4328300 0.4907818 0.5216502 0.5999481 0.4571937 0.4133764 0.4562823 0.3881535 0.4260740 0.5244334 0.5335221 0.3859297 0.3862378 0.3806557 0.4487144 0.5237704 0.3883887 0.3899302 0.4295189 0.4712537 0.4035861 0.3928734 0.4442398 
Bleph_BW194_c29re      0.4585582 0.4489301 0.4260836 0.4225563 0.1066540 0.0114342 0.0000000 0.4819995 0.4528385 0.4418640 0.3838204 0.3917797 0.4158041 0.3419782 0.3491118 0.3542486 0.4385948 0.4397065 0.3684164 0.3556631 0.3601230 0.3656495 0.4206380 0.4248377 0.4164888 0.4182661 0.4715737 0.4548604 0.3814066 0.4239776 0.4762990 0.4046018 0.4605224 0.4970929 0.4430077 0.3426986 0.4597827 0.3768550 0.4605586 0.4473627 0.4062025 0.3567229 0.4615728 0.4619190 0.3815853 0.4397818 0.4181184 0.4612398 0.3521004 0.3779300 0.3589410 0.3692570 0.3789747 0.3790266 0.3940775 0.3649059 0.4287984 0.4051536 0.4051536 0.4452648 0.5394825 0.4441167 0.4760033 0.3711028 0.3849827 0.3653452 0.3562406 0.4148544 0.3988383 0.4056714 0.3809752 0.3839871 0.3652554 0.3744389 0.4011407 0.4112314 0.3903695 0.3903695 0.4007264 0.3763148 0.4136643 0.4014820 0.3307438 0.3307438 0.3679944 0.3470800 0.3486762 0.4217717 0.3130957 0.3849521 0.3799532 0.4226091 0.4216818 0.4139474 0.3641393 0.4015956 0.3928021 0.3856342 0.3605697 0.3962167 0.3844583 0.4378156 0.4078428 0.4287400 0.4436107 0.3643057 0.4317612 0.3883200 0.4299669 0.3849972 0.4010026 0.4191392 0.4266928 0.4056813 0.4167766 0.3645968 0.4022404 0.3953490 0.3692232 0.3741154 0.4398613 0.3835430 0.5634918 0.5244008 0.4742460 0.4589440 0.4231188 0.4221038 0.4701218 0.4886312 0.5598996 0.5905313 0.4408087 0.4227563 0.4856515 0.5768622 0.4408266 0.4373837 0.5011972 0.5320834 0.6058526 0.4637526 0.4140106 0.4604191 0.3893923 0.4196279 0.5233563 0.5324221 0.3966170 0.3927586 0.3847570 0.4534607 0.5276883 0.3900289 0.3892719 0.4287526 0.4651078 0.4028975 0.3922201 0.4488573 
Heptanthus_BW472       0.4829708 0.4600790 0.4573021 0.4614930 0.4532369 0.4782943 0.4819995 0.0000000 0.4071573 0.4165468 0.3881698 0.3854971 0.3819405 0.3454105 0.3442348 0.3605653 0.4503365 0.4810570 0.3994455 0.3884000 0.3884988 0.4208977 0.4678733 0.4661730 0.4578085 0.4243785 0.4289430 0.3661617 0.3380760 0.3842358 0.4074592 0.3686471 0.3869014 0.4067219 0.3407496 0.2933656 0.3374348 0.3290437 0.3938905 0.3260213 0.3193753 0.2980321 0.3555215 0.3646428 0.3173280 0.3671234 0.3079776 0.3435358 0.3128214 0.3177271 0.3183815 0.3001752 0.3062130 0.3475924 0.3981806 0.2950612 0.3303110 0.3575423 0.3575423 0.4212214 0.4840411 0.4199149 0.4802898 0.3272478 0.3112463 0.3175877 0.3140272 0.3616705 0.3465620 0.3537240 0.3274242 0.3263496 0.3248153 0.3555434 0.3550549 0.3563758 0.3205671 0.3171686 0.3295913 0.3052717 0.3220260 0.2992753 0.3039795 0.3039795 0.2922708 0.2917190 0.2966206 0.3546417 0.2491029 0.3018793 0.2991306 0.3023304 0.3017896 0.2925692 0.2921036 0.2943761 0.3088818 0.3412307 0.2963850 0.3654027 0.3753087 0.3786439 0.3562751 0.3533203 0.3854223 0.3447362 0.3688525 0.3160005 0.3176024 0.3389634 0.3447466 0.3619183 0.3621828 0.3613375 0.3864501 0.3244682 0.3638850 0.3392283 0.3339945 0.3516401 0.3915386 0.3733410 0.4818722 0.4509383 0.4301566 0.4167401 0.3575675 0.3832009 0.3919345 0.4619036 0.5046276 0.5235429 0.4234350 0.4236661 0.5435526 0.5679724 0.4431973 0.4491491 0.4438647 0.4082796 0.4721225 0.4658909 0.4216532 0.4151296 0.3755749 0.4567981 0.4927639 0.4761556 0.3679939 0.3421950 0.3625138 0.4496546 0.5532314 0.4253164 0.4032489 0.4621253 0.4440470 0.3901825 0.3918845 0.4085431 
MARSHAL_OB_BW55        0.4077050 0.3925725 0.3992320 0.3982288 0.4167200 0.4437056 0.4528385 0.4071573 0.0000000 0.0328002 0.2673402 0.2871259 0.2836411 0.2429831 0.2467288 0.2779409 0.3491195 0.3815651 0.3121980 0.3510152 0.3513674 0.3500456 0.3914532 0.3959543 0.3732699 0.3499266 0.4150309 0.3782038 0.3594356 0.4044089 0.4019768 0.3806062 0.4003400 0.4437785 0.3481172 0.3324843 0.3838639 0.3270823 0.4064359 0.3897040 0.3651735 0.3311671 0.4414531 0.4413217 0.4101755 0.4260913 0.3935515 0.3970225 0.3695285 0.3953208 0.3869409 0.3716917 0.3739689 0.3434769 0.3596823 0.3597618 0.3956005 0.3792949 0.3792949 0.4557636 0.5187974 0.4553598 0.5129250 0.3295225 0.3757002 0.3586450 0.3491821 0.3551706 0.3453624 0.3578653 0.3466838 0.3553546 0.3303005 0.3469848 0.3804033 0.3854811 0.3637297 0.3553537 0.3501489 0.3193836 0.3289983 0.3531578 0.3472738 0.3472738 0.3755665 0.3664042 0.3617013 0.4114010 0.3188510 0.3619060 0.3525537 0.3605530 0.3598414 0.3644236 0.3392184 0.3579136 0.3553136 0.3985887 0.3612833 0.3906342 0.3904274 0.4173679 0.3771541 0.3932522 0.4048523 0.3966630 0.3827212 0.3654247 0.3778534 0.3605080 0.3697048 0.3978336 0.4124451 0.3869715 0.4022927 0.3569005 0.3839397 0.3799262 0.3824489 0.3662011 0.3833175 0.3920440 0.5237401 0.4745835 0.4604648 0.4428148 0.3749624 0.4576294 0.4848843 0.4162773 0.4858323 0.4924240 0.3716790 0.3651150 0.4692000 0.5189079 0.4162608 0.4491172 0.4685715 0.4075926 0.5426137 0.3978936 0.3813366 0.4088223 0.4194296 0.4496385 0.5231118 0.5183019 0.3122841 0.3099798 0.3773764 0.4380409 0.5108525 0.3723816 0.3600614 0.3874591 0.4602502 0.3762915 0.4398665 0.4188951 
MARSHAL_CAESP_BW267    0.3960671 0.3805759 0.3762067 0.3827166 0.4141497 0.4328066 0.4418640 0.4165468 0.0328002 0.0000000 0.2741591 0.2845702 0.2837816 0.2329462 0.2366155 0.2836281 0.3360477 0.3557175 0.2987193 0.3335165 0.3378329 0.3386882 0.3919561 0.3901214 0.3677307 0.3401971 0.4298633 0.3870086 0.3591335 0.3945016 0.4012541 0.3774462 0.4188296 0.4386568 0.3524337 0.3647338 0.3866897 0.3323602 0.4027779 0.4023859 0.3904788 0.3511942 0.4581232 0.4665761 0.4226322 0.4218029 0.4048976 0.4082332 0.3844317 0.4000965 0.3978714 0.3931080 0.3953723 0.3578503 0.3706739 0.3731795 0.4178356 0.3847230 0.3847230 0.4890810 0.5477988 0.4854413 0.5544518 0.3187473 0.3684820 0.3608320 0.3484326 0.3617181 0.3522085 0.3544790 0.3538157 0.3495014 0.3419071 0.3536262 0.3873470 0.3845156 0.3643098 0.3559721 0.3512841 0.3328855 0.3480140 0.3752486 0.3538904 0.3538904 0.3944970 0.3786683 0.3738361 0.4124408 0.3301839 0.3664581 0.3644303 0.3810495 0.3802834 0.3787528 0.3510320 0.3637751 0.3674554 0.4097209 0.3770890 0.4071607 0.4068514 0.4405883 0.3975045 0.4061231 0.4190548 0.4035346 0.3953445 0.3698807 0.3898480 0.3760872 0.3742694 0.4163272 0.4345153 0.4077550 0.4262193 0.3678786 0.3849731 0.3856019 0.3993442 0.3739797 0.3978574 0.4119612 0.5487142 0.4887322 0.4784533 0.4603722 0.3872789 0.4401745 0.4952564 0.4321033 0.4783096 0.5008418 0.3794596 0.3817987 0.4549103 0.5134007 0.4048334 0.4488117 0.4903441 0.4336588 0.5510887 0.3883680 0.3887687 0.3865089 0.4056417 0.4515734 0.5084956 0.5015916 0.3278078 0.3243249 0.3858149 0.4604510 0.5097559 0.3633437 0.3378577 0.3771867 0.4706262 0.3591529 0.4533179 0.4292890 
PSATHANNUA930          0.2580474 0.2709462 0.2586081 0.2545477 0.3557193 0.3732321 0.3838204 0.3881698 0.2673402 0.2741591 0.0000000 0.0424195 0.1052583 0.1145759 0.1190118 0.2143592 0.2727450 0.2755729 0.2072316 0.2183303 0.2199473 0.2356898 0.2441701 0.2370301 0.2280291 0.2646443 0.3639254 0.3008880 0.2713181 0.3059651 0.3159300 0.2778710 0.3122063 0.3578932 0.2567930 0.2243593 0.2954193 0.2504987 0.2982507 0.3088993 0.3103884 0.2576884 0.2958086 0.3008386 0.2714225 0.3124376 0.2881371 0.3022783 0.2758718 0.2825236 0.2662426 0.2750382 0.2869063 0.2687932 0.2927401 0.2613343 0.3054757 0.3170546 0.3170546 0.3368783 0.3733038 0.3506555 0.4626067 0.3185742 0.2640471 0.2632292 0.2578277 0.2797732 0.2782215 0.2732192 0.2779925 0.2910090 0.2339545 0.2529613 0.2501743 0.2844619 0.2601660 0.2534606 0.2553681 0.2388837 0.2615818 0.2325627 0.2219932 0.2219932 0.2413918 0.2269485 0.2204490 0.2657012 0.2145318 0.2470242 0.2468933 0.2611841 0.2607418 0.2686689 0.2585321 0.2678071 0.2699566 0.3027450 0.2589574 0.2966450 0.2996059 0.3581379 0.3338189 0.3501375 0.3502017 0.3159017 0.3036922 0.2818760 0.3089683 0.2777470 0.2668736 0.2997285 0.3159292 0.3063642 0.3226077 0.2588973 0.3012165 0.2841978 0.2701357 0.2726460 0.3002158 0.2811783 0.4362462 0.4210164 0.4036124 0.3942192 0.3217463 0.3459200 0.4065768 0.2922751 0.3205817 0.3571383 0.2521477 0.2884351 0.3613685 0.3944448 0.3040352 0.3118742 0.2867495 0.3056196 0.3765026 0.3299043 0.2897932 0.3090905 0.2881514 0.3435842 0.4238999 0.4257371 0.2674180 0.2724828 0.2258003 0.4129794 0.4549642 0.3059307 0.2670673 0.3229608 0.3860371 0.3215785 0.2882483 0.2844517 
PSATHRAMOSIS_1062      0.2651570 0.2763167 0.2663922 0.2622676 0.3692383 0.3942110 0.3917797 0.3854971 0.2871259 0.2845702 0.0424195 0.0000000 0.1079674 0.1251783 0.1297034 0.2188447 0.2882621 0.2845094 0.2105140 0.2281359 0.2297288 0.2455368 0.2408985 0.2381838 0.2307602 0.2757584 0.3524544 0.2934525 0.2574141 0.2961964 0.3050135 0.2698259 0.2911492 0.3427898 0.2838211 0.2259179 0.2980012 0.2677652 0.3193852 0.3063172 0.3201659 0.2627012 0.3263716 0.3184711 0.2732622 0.3092608 0.2929536 0.3133775 0.2971981 0.3071960 0.2857999 0.2920588 0.3055664 0.2722402 0.2932822 0.2724201 0.2999571 0.3196889 0.3196889 0.3267682 0.3844468 0.3594267 0.4637655 0.3133612 0.2614665 0.2709435 0.2655985 0.2692344 0.2678227 0.2628603 0.2656062 0.2781752 0.2236933 0.2546056 0.2515135 0.3058975 0.2642649 0.2575442 0.2594862 0.2216629 0.2431357 0.2156406 0.2177607 0.2177607 0.2270645 0.2132537 0.2120335 0.2621325 0.2061976 0.2401195 0.2443715 0.2542201 0.2537940 0.2582227 0.2488454 0.2627533 0.2566442 0.3015281 0.2592393 0.2869027 0.2919810 0.3549921 0.3250070 0.3535618 0.3437242 0.3099688 0.3152222 0.2895585 0.3188037 0.2853238 0.2696386 0.3065396 0.3340019 0.3238294 0.3406204 0.2534704 0.2919673 0.2805368 0.2721020 0.2766766 0.2995584 0.2860781 0.4291450 0.4185450 0.3915095 0.3866742 0.3059078 0.3500789 0.3905207 0.3090430 0.3284549 0.3563520 0.2490423 0.2773518 0.3408308 0.3685078 0.2873751 0.2846668 0.2984982 0.3121301 0.3676229 0.3341972 0.2919198 0.3128899 0.2815102 0.3350752 0.4329314 0.4352541 0.2641797 0.2709742 0.2038236 0.4129822 0.4776462 0.3191422 0.2664716 0.3257728 0.3880543 0.3315765 0.3031843 0.2974885 
TRICHOPTIL785          0.2415749 0.2527974 0.2381644 0.2308778 0.3784578 0.4115223 0.4158041 0.3819405 0.2836411 0.2837816 0.1052583 0.1079674 0.0000000 0.1188581 0.1233203 0.2183361 0.2662138 0.2958981 0.2066755 0.2093934 0.2110299 0.2274426 0.2445304 0.2425706 0.2348571 0.2650619 0.3400321 0.3035926 0.2806813 0.3316807 0.3146531 0.2940395 0.3261379 0.3315648 0.2708510 0.2459106 0.3157072 0.2969552 0.3564719 0.2987605 0.3131415 0.2574058 0.3029802 0.3164786 0.2837862 0.3049601 0.3050795 0.3106481 0.2855764 0.2793526 0.2623788 0.2772701 0.2930614 0.2925766 0.3144409 0.2750932 0.3173591 0.3196347 0.3196347 0.3140422 0.3667103 0.3333206 0.4465142 0.3030740 0.2595521 0.2566951 0.2497518 0.2909447 0.2814922 0.2842254 0.2916740 0.2983215 0.2511894 0.2599941 0.2760818 0.3178995 0.2823178 0.2752170 0.2774053 0.2426872 0.2479410 0.2245342 0.2374245 0.2374245 0.2576090 0.2542507 0.2474389 0.2894900 0.2288914 0.2614092 0.2612476 0.2588738 0.2584359 0.2575428 0.2591035 0.2621399 0.2670283 0.3205134 0.2776299 0.3067640 0.3012126 0.3506675 0.3485795 0.3505697 0.3621353 0.3691627 0.2867774 0.2732614 0.3272168 0.2926929 0.2808101 0.3293241 0.3315349 0.3201318 0.3309099 0.2722072 0.3190169 0.2821699 0.2883237 0.2717150 0.3076406 0.2847462 0.4357119 0.4082898 0.4088720 0.4038372 0.3024469 0.3436880 0.3968653 0.2981431 0.3410381 0.3646086 0.2444339 0.3174769 0.3331450 0.3678314 0.2704960 0.2963662 0.3184503 0.3072886 0.3968531 0.3463570 0.3106841 0.3349702 0.3148905 0.3563277 0.4265247 0.4206113 0.2571321 0.2781634 0.2337720 0.4068004 0.4544660 0.3145581 0.2853319 0.3232289 0.3965408 0.3280889 0.3141896 0.2863464 
PELUCHA_BW218C4        0.2393296 0.2416417 0.2328618 0.2225313 0.3221462 0.3321211 0.3419782 0.3454105 0.2429831 0.2329462 0.1145759 0.1251783 0.1188581 0.0000000 0.0031492 0.2174102 0.2650476 0.2857201 0.2017382 0.1947887 0.1964337 0.2080203 0.2331742 0.2363877 0.2185059 0.2507206 0.3053257 0.2772309 0.2623539 0.2914739 0.2982618 0.2505446 0.2868143 0.3303382 0.2643952 0.2059562 0.3029974 0.2633873 0.3093079 0.3080794 0.2978579 0.2141199 0.2621894 0.2638263 0.2568692 0.2924529 0.2753357 0.2852531 0.2565026 0.2544231 0.2340963 0.2521587 0.2670154 0.2633631 0.2951152 0.2762238 0.2769403 0.2770821 0.2770821 0.2961635 0.3476292 0.3090372 0.4128863 0.2893621 0.2312913 0.2342477 0.2279272 0.2623408 0.2543716 0.2559419 0.2752430 0.2773119 0.2332089 0.2419228 0.2661060 0.2757510 0.2745517 0.2676165 0.2735699 0.2624129 0.2430597 0.2280844 0.2065084 0.2065084 0.2290936 0.2144549 0.2082322 0.2775045 0.1906095 0.2411270 0.2496989 0.2566076 0.2561775 0.2552785 0.2368224 0.2515725 0.2530635 0.2978971 0.2478154 0.2916501 0.2987691 0.3570877 0.3360554 0.3504904 0.3402089 0.3218294 0.3177477 0.2894647 0.2808000 0.2960961 0.3067599 0.3227681 0.3264715 0.3094844 0.3198699 0.2528942 0.2969698 0.2798147 0.2781931 0.2683534 0.2887223 0.2957025 0.4438272 0.4302440 0.3672966 0.3523009 0.3066529 0.3472658 0.4104231 0.2812089 0.3176686 0.3444279 0.2297278 0.2871129 0.3416984 0.3311272 0.2436871 0.2758042 0.2862596 0.2792474 0.3473597 0.3215423 0.2842733 0.3217168 0.2888885 0.3409175 0.4221070 0.4239427 0.2371286 0.2484766 0.2075795 0.3703572 0.4691899 0.3125397 0.2886880 0.3108181 0.3788410 0.3033443 0.3298196 0.3061591 
PELUCHA_BW218C3        0.2452331 0.2474319 0.2385005 0.2280799 0.3213489 0.3391686 0.3491118 0.3442348 0.2467288 0.2366155 0.1190118 0.1297034 0.1233203 0.0031492 0.0000000 0.2228786 0.2710339 0.2920176 0.2072190 0.2001709 0.2018074 0.2134181 0.2389402 0.2421937 0.2241268 0.2546873 0.3098990 0.2797924 0.2664802 0.2901427 0.2969565 0.2545976 0.2911848 0.3290877 0.2704429 0.2113975 0.3097119 0.2694930 0.3169189 0.3080794 0.2986272 0.2180018 0.2628562 0.2644901 0.2538721 0.2932133 0.2760597 0.2860107 0.2571379 0.2550608 0.2346681 0.2527767 0.2676830 0.2666894 0.2958828 0.2769293 0.2832432 0.2757489 0.2757489 0.2969518 0.3486043 0.3098746 0.4207737 0.2956261 0.2318566 0.2400419 0.2336509 0.2664280 0.2583407 0.2599729 0.2793987 0.2814944 0.2389472 0.2414451 0.2703155 0.2800053 0.2788296 0.2718202 0.2778709 0.2664457 0.2469486 0.2318678 0.2070073 0.2070073 0.2331707 0.2180645 0.2117747 0.2796688 0.1910478 0.2469959 0.2503126 0.2572501 0.2568176 0.2559200 0.2374106 0.2522002 0.2537036 0.3045097 0.2484349 0.2981891 0.3052656 0.3580722 0.3369693 0.3514508 0.3411286 0.3206064 0.3186029 0.2902086 0.2746228 0.2968808 0.3132635 0.3236561 0.3273951 0.3103268 0.3207614 0.2535291 0.2977583 0.2805494 0.2789112 0.2690467 0.2894855 0.2964887 0.4451895 0.4315610 0.3747316 0.3595731 0.3131561 0.3542742 0.4094357 0.2884925 0.3252705 0.3455633 0.2302931 0.2864783 0.3498560 0.3321754 0.2443036 0.2800674 0.2935934 0.2864093 0.3555623 0.3282480 0.2905697 0.3284473 0.2952318 0.3479085 0.4301478 0.4297465 0.2357612 0.2523508 0.2113718 0.3714048 0.4677650 0.3191927 0.2951508 0.3175788 0.3864461 0.3026378 0.3366963 0.3128076 
HELEN_BIG_681          0.2677044 0.2373387 0.2193952 0.2257287 0.3262873 0.3551301 0.3542486 0.3605653 0.2779409 0.2836281 0.2143592 0.2188447 0.2183361 0.2174102 0.2228786 0.0000000 0.1613533 0.1814832 0.2057554 0.1932365 0.1920616 0.2127277 0.2565768 0.2546523 0.2443486 0.2628661 0.3365328 0.2994533 0.2723085 0.3016214 0.3022402 0.2908963 0.3162801 0.3580984 0.2910688 0.2709456 0.3291145 0.2765558 0.3248471 0.3126788 0.2830560 0.2491810 0.3364554 0.3202644 0.3158457 0.3304456 0.3073275 0.3514383 0.2836893 0.2916291 0.2751382 0.2690874 0.2798015 0.2831281 0.3058672 0.2582870 0.3144975 0.3151384 0.3151384 0.3478730 0.4156677 0.3474324 0.4000513 0.2941351 0.2950299 0.2568931 0.2489843 0.3100406 0.3054336 0.3031600 0.2781471 0.2846594 0.2858818 0.2921824 0.3104925 0.3298039 0.3281864 0.3248421 0.3276625 0.2691237 0.2815341 0.2779736 0.2665138 0.2665138 0.2989848 0.2773114 0.2814025 0.3126854 0.2563527 0.2735267 0.2647284 0.2831760 0.2826827 0.2787164 0.2749443 0.2912748 0.2895044 0.2891867 0.2955205 0.3204206 0.3306364 0.3443954 0.3007690 0.3209581 0.3367699 0.3032624 0.3262924 0.2950921 0.3494561 0.2900758 0.3068599 0.3309853 0.3459712 0.3306589 0.3343012 0.2708432 0.3257202 0.3233676 0.2949765 0.2968613 0.3221207 0.2997288 0.5050294 0.4788086 0.4034575 0.3829766 0.2994774 0.3418317 0.4128159 0.3743013 0.3871449 0.4571803 0.3231446 0.3093743 0.4198445 0.4354364 0.3424142 0.3501794 0.3733952 0.3273711 0.4621201 0.3680980 0.3181822 0.3647043 0.3099409 0.3818790 0.4434438 0.4614621 0.3240615 0.3242564 0.2889473 0.3640508 0.4451112 0.3411983 0.3007520 0.3309394 0.3790253 0.3425175 0.3489567 0.3247029 
BALDUINA_BW70          0.3299297 0.3149558 0.2972089 0.3055933 0.3711453 0.4330329 0.4385948 0.4503365 0.3491195 0.3360477 0.2727450 0.2882621 0.2662138 0.2650476 0.2710339 0.1613533 0.0000000 0.1318645 0.2815876 0.2526171 0.2579905 0.2630393 0.3431711 0.3451234 0.3363966 0.3378558 0.4137448 0.3782457 0.3747389 0.3956721 0.4178943 0.3710087 0.4053008 0.4062576 0.3389990 0.3477321 0.3945972 0.3354890 0.4031369 0.2951725 0.3303980 0.3152075 0.4051212 0.3817392 0.4071044 0.3974222 0.3829182 0.4095477 0.3826503 0.3982480 0.3720147 0.3616258 0.3781973 0.3381373 0.3875338 0.3314982 0.4296729 0.3577907 0.3577907 0.4083273 0.4796210 0.4035359 0.4741099 0.3444904 0.3661432 0.3281517 0.3047636 0.3847541 0.3841404 0.3771410 0.3531028 0.3440101 0.3715989 0.3476613 0.3866448 0.3913537 0.3907315 0.3870906 0.3989393 0.3567466 0.3804620 0.3392030 0.3377410 0.3377410 0.3729312 0.3645692 0.3590153 0.3958840 0.3221670 0.3331850 0.3567206 0.3309557 0.3303298 0.3590177 0.3200136 0.3319283 0.3468285 0.3764383 0.3813873 0.4165469 0.4225141 0.3905605 0.3653323 0.4184569 0.4461216 0.3976416 0.3918168 0.3631293 0.4088818 0.3794216 0.3707498 0.4056438 0.4149385 0.4030261 0.4148556 0.3692485 0.3879273 0.3902262 0.3817989 0.3716155 0.3920026 0.3817014 0.5583486 0.5259097 0.4867339 0.4720983 0.4024121 0.4362963 0.5351054 0.4654945 0.4817033 0.5377118 0.3925459 0.4007507 0.4978496 0.5260591 0.3891987 0.4327315 0.4418795 0.3980247 0.5985327 0.4110537 0.3925980 0.4320304 0.3727500 0.4241764 0.5204735 0.5232986 0.3626528 0.3793114 0.3584708 0.4196679 0.5208117 0.3990695 0.3666461 0.3911216 0.4306620 0.3666809 0.3739755 0.3848688 
GAIL_PUL_BW164         0.3649676 0.3425504 0.3122184 0.3279260 0.3704089 0.4339397 0.4397065 0.4810570 0.3815651 0.3557175 0.2755729 0.2845094 0.2958981 0.2857201 0.2920176 0.1814832 0.1318645 0.0000000 0.2985267 0.2781926 0.2772596 0.3073236 0.3690720 0.3702179 0.3654288 0.3868466 0.4246391 0.3728435 0.3567987 0.3696974 0.4097523 0.3724904 0.4026458 0.4247523 0.3569414 0.3558082 0.4104492 0.3656743 0.4455994 0.3428964 0.3812379 0.3402769 0.4093449 0.4296255 0.4239707 0.3895142 0.3951232 0.4173948 0.3979764 0.4058548 0.3822946 0.3728639 0.3900847 0.3535850 0.4035344 0.3586798 0.4132306 0.3869935 0.3869935 0.4566552 0.5014743 0.4336674 0.5313807 0.3617315 0.3728060 0.3227759 0.3027886 0.3680186 0.3612747 0.3543208 0.3457444 0.3476439 0.3592387 0.3342480 0.3887468 0.4005173 0.3703640 0.3696536 0.3736989 0.3707818 0.3844699 0.3618834 0.3404257 0.3404257 0.3621473 0.3508636 0.3454182 0.4012074 0.3070207 0.3251708 0.3407514 0.3266260 0.3201216 0.3361178 0.3114772 0.3377331 0.3333633 0.3555304 0.3475724 0.3811135 0.3969938 0.4114055 0.3569278 0.3800249 0.4279385 0.3867192 0.3974990 0.3453796 0.3837681 0.3764496 0.3508956 0.3992171 0.4249035 0.4080441 0.4178904 0.3538202 0.3486522 0.3687774 0.3547060 0.3482334 0.3848253 0.3909437 0.5722894 0.5303586 0.5024585 0.4850911 0.4255442 0.4395052 0.5444282 0.4764922 0.4495901 0.5665250 0.3981931 0.3632888 0.5009398 0.5352157 0.3651380 0.3911338 0.4462924 0.3777003 0.5767233 0.4578654 0.4069757 0.4558382 0.3863244 0.4235086 0.4828580 0.4913872 0.3584565 0.3629376 0.3586178 0.4643233 0.5145534 0.4025537 0.3686899 0.3889345 0.4704823 0.3927027 0.4333156 0.3923708 
PLATEILEMA_BW182       0.2970960 0.2668329 0.2664106 0.2714529 0.3651286 0.3643807 0.3684164 0.3994455 0.3121980 0.2987193 0.2072316 0.2105140 0.2066755 0.2017382 0.2072190 0.2057554 0.2815876 0.2985267 0.0000000 0.2440777 0.2456662 0.2698966 0.2836653 0.2872831 0.2818130 0.2962877 0.3467808 0.3207305 0.2887706 0.3395844 0.3378149 0.3037590 0.3294745 0.3636088 0.3087621 0.2510379 0.3431659 0.2920947 0.3459496 0.3607319 0.2930922 0.2517248 0.3231273 0.3383374 0.3093681 0.3137748 0.3140172 0.3457479 0.2991391 0.2846012 0.2801144 0.2753855 0.2936420 0.2837317 0.3047191 0.2671671 0.3084340 0.3279647 0.3279647 0.3378762 0.3996758 0.3224249 0.4445126 0.2915955 0.2554862 0.2407369 0.2301581 0.3060023 0.2958246 0.2985360 0.3025942 0.2840826 0.2684269 0.2853749 0.2609101 0.3369144 0.2755950 0.2755950 0.2877398 0.2538904 0.2832669 0.2704699 0.2477371 0.2477371 0.2649852 0.2540642 0.2551775 0.2849134 0.2220179 0.2625887 0.2654854 0.2654984 0.2650362 0.2740973 0.2659990 0.2667568 0.2842200 0.3268348 0.3004768 0.3319128 0.3407580 0.3425466 0.3613564 0.3418393 0.3769554 0.3306878 0.3552665 0.3208055 0.3453371 0.3097264 0.3265510 0.3673497 0.3686181 0.3517398 0.3815591 0.2882838 0.3335072 0.3212002 0.2984206 0.3213952 0.3560195 0.3200726 0.4799456 0.4544799 0.4012558 0.3897397 0.3013925 0.3358938 0.3763112 0.3106200 0.3572922 0.3965402 0.2869042 0.2960265 0.4042328 0.4057060 0.3124218 0.3204926 0.3373276 0.3458868 0.4703683 0.3620846 0.3028051 0.3297653 0.3387092 0.3514334 0.4028259 0.4199608 0.3000309 0.3218722 0.2977294 0.4151880 0.4612891 0.3159893 0.2884433 0.3297079 0.4109193 0.3351051 0.3211071 0.3115513 
BAIL_MULTIBW10         0.1475895 0.1502162 0.1500873 0.1555935 0.3532487 0.3455555 0.3556631 0.3884000 0.3510152 0.3335165 0.2183303 0.2281359 0.2093934 0.1947887 0.2001709 0.1932365 0.2526171 0.2781926 0.2440777 0.0000000 0.0031741 0.0422311 0.1401251 0.1410148 0.1343569 0.1640997 0.3301374 0.3279081 0.3079169 0.3409140 0.3564087 0.3141002 0.3155809 0.3662333 0.3149272 0.2495543 0.3413673 0.2815890 0.3381324 0.3093631 0.2992825 0.2664629 0.3348721 0.2995076 0.3097526 0.3391772 0.3464103 0.3694916 0.3177111 0.3019950 0.2916595 0.3076006 0.3203398 0.2819405 0.3179474 0.2741031 0.3455539 0.3469334 0.3469334 0.3194670 0.4050846 0.3357715 0.4266259 0.3179639 0.2640265 0.2794450 0.2434050 0.3253363 0.3258622 0.3123032 0.3239900 0.3301087 0.3025987 0.3070498 0.3303768 0.3591480 0.3325460 0.3290121 0.3307124 0.3060017 0.3294254 0.2871190 0.2955261 0.2955261 0.2974205 0.2884856 0.2817577 0.3180712 0.2541841 0.2563046 0.2716177 0.2892202 0.2887026 0.2773775 0.2775498 0.2742774 0.2933443 0.2977460 0.2820942 0.3169406 0.3223548 0.3348162 0.3387706 0.3405199 0.3785171 0.3391191 0.3185938 0.3072223 0.3364051 0.2943670 0.2930059 0.3128532 0.3204059 0.3217928 0.3309633 0.2786825 0.3006220 0.3101649 0.2760472 0.2849104 0.3040326 0.3188081 0.4864335 0.4886320 0.4020606 0.3827796 0.3415639 0.3927274 0.4877723 0.3491302 0.3685308 0.4096287 0.2828346 0.3466157 0.4026019 0.4122836 0.3455812 0.3166692 0.4009992 0.3624879 0.4433696 0.4055685 0.3519930 0.3906029 0.3392878 0.3645017 0.4341812 0.4338165 0.3120118 0.3166648 0.2812386 0.4415451 0.4930257 0.3584351 0.3375844 0.3349252 0.3878445 0.3751982 0.3808823 0.3350944 
BAIL_PLENIR_835        0.1514870 0.1540845 0.1493654 0.1548368 0.3500828 0.3500221 0.3601230 0.3884988 0.3513674 0.3378329 0.2199473 0.2297288 0.2110299 0.1964337 0.2018074 0.1920616 0.2579905 0.2772596 0.2456662 0.0031741 0.0000000 0.0473765 0.1417836 0.1426801 0.1360100 0.1679985 0.3276915 0.3263024 0.3056960 0.3383407 0.3536637 0.3122918 0.3161667 0.3633558 0.3180219 0.2478806 0.3387735 0.2823752 0.3386455 0.3066524 0.2999448 0.2646539 0.3362281 0.3009572 0.3038149 0.3366785 0.3397351 0.3624107 0.3117587 0.2962112 0.2860414 0.3054455 0.3180588 0.2831328 0.3161675 0.2714795 0.3459409 0.3443490 0.3443490 0.3176216 0.4025960 0.3338091 0.4256342 0.3185318 0.2622245 0.2740514 0.2385912 0.3267481 0.3234858 0.3137572 0.3216548 0.3273031 0.3004578 0.3048657 0.3312702 0.3563937 0.3264672 0.3229931 0.3246331 0.3066264 0.3269866 0.2850719 0.2898480 0.2898480 0.2959977 0.2864629 0.2797977 0.3158056 0.2551069 0.2515251 0.2693525 0.2804710 0.2799785 0.2723009 0.2724468 0.2692964 0.2879809 0.2960482 0.2816805 0.3112047 0.3166167 0.3401080 0.3357515 0.3336046 0.3719311 0.3331478 0.3167520 0.3078545 0.3368580 0.2927116 0.2941868 0.3110705 0.3227946 0.3199439 0.3290259 0.2767396 0.3001456 0.3083956 0.2745343 0.2844815 0.3060104 0.3169740 0.4821988 0.4843854 0.4039429 0.3846885 0.3389760 0.3971705 0.4835888 0.3424841 0.3699963 0.4157044 0.2843676 0.3404935 0.4048507 0.4136392 0.3469725 0.3146730 0.3885160 0.3508516 0.4300827 0.4055562 0.3467509 0.3906927 0.3435634 0.3720437 0.4422643 0.4418181 0.3158260 0.3168319 0.2827264 0.4361156 0.4885892 0.3627637 0.3464161 0.3376101 0.3884328 0.3758571 0.3814953 0.3364882 
BAIL_PAUCI_BW15        0.1451260 0.1528606 0.1666393 0.1723114 0.3726564 0.3555276 0.3656495 0.4208977 0.3500456 0.3386882 0.2356898 0.2455368 0.2274426 0.2080203 0.2134181 0.2127277 0.2630393 0.3073236 0.2698966 0.0422311 0.0473765 0.0000000 0.1463902 0.1516846 0.1449081 0.1701230 0.3556685 0.3381594 0.3235278 0.3493670 0.3542494 0.3300441 0.3295067 0.3788603 0.3274456 0.2803843 0.3631481 0.2929284 0.3487301 0.3332594 0.3106278 0.2683370 0.3545697 0.3121334 0.3419899 0.3686972 0.3671919 0.3949637 0.3322668 0.3247608 0.3059371 0.3181982 0.3311985 0.3100307 0.3446761 0.2898007 0.3686600 0.3696896 0.3696896 0.3496723 0.4324359 0.3495588 0.4494770 0.3084000 0.2862307 0.2875723 0.2538153 0.3250781 0.3201411 0.3119966 0.3171641 0.3285941 0.3007165 0.2988291 0.3502106 0.3544955 0.3491133 0.3454973 0.3473262 0.3133127 0.3505194 0.2983364 0.2987538 0.2987538 0.3045602 0.3016095 0.2940836 0.3405448 0.2649806 0.2815910 0.2961106 0.3194959 0.3189047 0.3109980 0.3003794 0.3057245 0.3167739 0.3277157 0.3136322 0.3224136 0.3315893 0.3556482 0.3632663 0.3602036 0.3871741 0.3555836 0.3424849 0.3281447 0.3237878 0.3154905 0.3215768 0.3331490 0.3406032 0.3450243 0.3547730 0.3000461 0.3472859 0.3432082 0.3073351 0.3188300 0.3350857 0.3514924 0.4977893 0.4999824 0.4070654 0.3844866 0.3529151 0.3811907 0.4912151 0.3740453 0.3778147 0.4255382 0.3004911 0.3617912 0.4061330 0.4210148 0.3591975 0.3417929 0.3970417 0.3624449 0.4312338 0.3972461 0.3645368 0.4013125 0.3164253 0.3675519 0.4237345 0.4056371 0.3271183 0.3304029 0.2939999 0.4397856 0.5149080 0.3656547 0.3351980 0.3427104 0.3983834 0.3940561 0.3946771 0.3352483 
PLUMMER_FLO963         0.1546156 0.1790455 0.1743700 0.1709307 0.4034544 0.4096060 0.4206380 0.4678733 0.3914532 0.3919561 0.2441701 0.2408985 0.2445304 0.2331742 0.2389402 0.2565768 0.3431711 0.3690720 0.2836653 0.1401251 0.1417836 0.1463902 0.0000000 0.0096114 0.0194140 0.1654196 0.3764114 0.3626065 0.3387327 0.3652548 0.3616147 0.3638316 0.3800342 0.4237023 0.3940710 0.3191079 0.4083735 0.3421121 0.4133008 0.4037058 0.3817467 0.3015569 0.4188764 0.3827476 0.3719183 0.3921130 0.3929759 0.4202020 0.3697807 0.3567873 0.3439879 0.3535642 0.3676756 0.3507241 0.3896966 0.3293107 0.3739136 0.3825867 0.3825867 0.3832041 0.4608793 0.3867371 0.5024481 0.3686213 0.3341466 0.3524798 0.3172282 0.3499961 0.3584659 0.3526967 0.3576031 0.3632572 0.3257008 0.3244765 0.3626004 0.3933416 0.3601127 0.3518464 0.3635062 0.3314309 0.3632050 0.3310651 0.3223752 0.3223752 0.3287710 0.3242440 0.3163155 0.3539478 0.2945558 0.3194657 0.3341008 0.3344981 0.3338587 0.3445648 0.3322701 0.3349495 0.3425451 0.3780455 0.3271749 0.3708884 0.3627008 0.4104952 0.3975215 0.4101395 0.4130296 0.3859659 0.3898027 0.3817410 0.3773843 0.3371605 0.3631755 0.3816828 0.3964931 0.3822060 0.3948313 0.3383409 0.3964299 0.3803901 0.3245658 0.3388888 0.3463602 0.3683853 0.5579570 0.5588629 0.4844280 0.4666508 0.3916447 0.4471637 0.5024173 0.4047518 0.3797220 0.4272596 0.3044893 0.3962017 0.4440815 0.4019123 0.3577745 0.3565044 0.4654828 0.3850328 0.4462421 0.4592500 0.4176702 0.4631622 0.3562422 0.4238264 0.4779602 0.4764279 0.3620644 0.3639204 0.3314952 0.4785647 0.5323014 0.3885598 0.3624798 0.4292886 0.4481293 0.4005609 0.4224398 0.3800399 
DUGALDIA_HO954         0.1579871 0.1795759 0.1724998 0.1690522 0.4034905 0.4137355 0.4248377 0.4661730 0.3959543 0.3901214 0.2370301 0.2381838 0.2425706 0.2363877 0.2421937 0.2546523 0.3451234 0.3702179 0.2872831 0.1410148 0.1426801 0.1516846 0.0096114 0.0000000 0.0210990 0.1635209 0.3745275 0.3606960 0.3367766 0.3633021 0.3660341 0.3596748 0.3781603 0.4286812 0.3844873 0.3171405 0.4069947 0.3399134 0.4101695 0.4000156 0.3803408 0.3070030 0.4170734 0.3959922 0.3659379 0.3813287 0.3867689 0.4138920 0.3700318 0.3508514 0.3441843 0.3537779 0.3679214 0.3448810 0.3837191 0.3294731 0.3679471 0.3863993 0.3863993 0.3937252 0.4653935 0.3973583 0.5051035 0.3604477 0.3257418 0.3582897 0.3268453 0.3572063 0.3656527 0.3599300 0.3586267 0.3643081 0.3324372 0.3354972 0.3580038 0.3866659 0.3518433 0.3436371 0.3552556 0.3272692 0.3586927 0.3267626 0.3204220 0.3204220 0.3304852 0.3259448 0.3180179 0.3580529 0.2982456 0.3234212 0.3440777 0.3445876 0.3439214 0.3547874 0.3423896 0.3449522 0.3528677 0.3825554 0.3311506 0.3753055 0.3733189 0.4086791 0.3957041 0.4148419 0.4112156 0.3904506 0.3943493 0.3861438 0.3818443 0.3413013 0.3587291 0.3727840 0.4078953 0.3930915 0.4060685 0.3484485 0.4010638 0.3961192 0.3285697 0.3491367 0.3566641 0.3717189 0.5753394 0.5753203 0.4791503 0.4613847 0.3961981 0.4434005 0.5027655 0.4062466 0.3833986 0.4251925 0.3004894 0.3993722 0.4440980 0.3999545 0.3698885 0.3621622 0.4611813 0.3829111 0.4520861 0.4644258 0.4224880 0.4614408 0.3543571 0.4220047 0.4671121 0.4655788 0.3695709 0.3654123 0.3305345 0.4768643 0.5307757 0.3867487 0.3605471 0.4183825 0.4446161 0.3986563 0.4081979 0.3880205 
